(0.000211129, 0.29191)
(0.00055558, 0.144724)
(0.00115717, 0.892064)
(0.00200765, 0.193304)
(0.00305853, 0.189463)
(0.0033849, 0.540156)
(0.00353506, 0.558011)
(0.00436082, 0.491495)
(0.00457742, 0.301462)
(0.00458642, 0.46581)
(0.00469336, 0.684444)
(0.00476798, 0.668574)
(0.00496428, 0.479943)
(0.00518433, 0.35728)
(0.00572955, 0.299336)
(0.00622907, 0.271787)
(0.00642081, 0.118799)
(0.00690092, 0.236025)
(0.00690961, 0.558449)
(0.00720341, 0.296057)
(0.00732518, 0.496428)
(0.00762369, 0.818672)
(0.00768589, 0.560625)
(0.00777892, 0.209017)
(0.00787302, 0.951156)
(0.00800664, 0.223461)
(0.00807987, 0.28195)
(0.0081313, 0.813328)
(0.00840729, 0.138249)
(0.00842686, 0.0913301)
(0.00927112, 0.696686)
(0.00942588, 0.885334)
(0.00953457, 0.449131)
(0.00978729, 0.393621)
(0.00989342, 0.343524)
(0.0101142, 0.384805)
(0.0103754, 0.682715)
(0.0104003, 0.94173)
(0.0105996, 0.763504)
(0.0108029, 0.845342)
(0.0115136, 0.982339)
(0.012356, 0.868293)
(0.0123756, 0.196889)
(0.0126805, 0.995236)
(0.0126974, 0.472365)
(0.0132464, 0.211467)
(0.0133464, 0.328506)
(0.0134282, 0.612765)
(0.0134644, 0.831236)
(0.0136356, 0.0902944)
(0.0136863, 0.543402)
(0.0138399, 0.117588)
(0.0139418, 0.296381)
(0.0139736, 0.917619)
(0.0147071, 0.151492)
(0.0147209, 0.312084)
(0.0148229, 0.992509)
(0.014926, 0.353284)
(0.0150053, 0.754836)
(0.0155495, 0.821996)
(0.0155782, 0.596109)
(0.0165285, 0.301814)
(0.0165397, 0.306818)
(0.0172366, 0.89826)
(0.0177485, 0.0235042)
(0.0177942, 0.55751)
(0.0183848, 0.991926)
(0.0184583, 0.917595)
(0.0184612, 0.85766)
(0.0185739, 0.447299)
(0.0186878, 0.469636)
(0.0187888, 0.307648)
(0.0189841, 0.476808)
(0.0191632, 0.236747)
(0.019454, 0.303094)
(0.0195084, 0.64691)
(0.0197881, 0.0258478)
(0.0198077, 0.2524)
(0.0199875, 0.886317)
(0.0201497, 0.551435)
(0.0203868, 0.294532)
(0.0207582, 0.897851)
(0.0218825, 0.105318)
(0.0222258, 0.279107)
(0.0223148, 0.195761)
(0.0224154, 0.789246)
(0.0226513, 0.804817)
(0.0228573, 0.505307)
(0.0228982, 0.73743)
(0.0233709, 0.812015)
(0.0237663, 0.0707381)
(0.0247758, 0.245728)
(0.0250851, 0.186355)
(0.0253457, 0.470264)
(0.0258096, 0.316362)
(0.0258415, 0.480956)
(0.026278, 0.689686)
(0.0263536, 0.465369)
(0.0265282, 0.173251)
(0.0266895, 0.0203941)
(0.0268015, 0.120996)
(0.026915, 0.761873)
(0.027288, 0.469289)
(0.0274076, 0.19649)
(0.0275867, 0.4074)
(0.0280765, 0.45048)
(0.0283219, 0.386848)
(0.028353, 0.766268)
(0.0284477, 0.88005)
(0.0288383, 0.293283)
(0.0289293, 0.66695)
(0.028968, 0.663476)
(0.0290512, 0.362422)
(0.0293991, 0.492612)
(0.0296122, 0.299926)
(0.0297393, 0.946007)
(0.029862, 0.0408883)
(0.0299256, 0.324362)
(0.0307134, 0.0324484)
(0.0311357, 0.982458)
(0.0315391, 0.12339)
(0.0319995, 0.560784)
(0.0320921, 0.0714552)
(0.0321087, 0.428443)
(0.0322126, 0.433434)
(0.0322986, 0.180312)
(0.0323882, 0.221696)
(0.0324864, 0.865011)
(0.0326838, 0.734837)
(0.0326863, 0.945674)
(0.032885, 0.00463348)
(0.0331276, 0.481937)
(0.0331722, 0.649417)
(0.0333047, 0.818996)
(0.0334616, 0.267101)
(0.0341157, 0.884067)
(0.034156, 0.136626)
(0.0343487, 0.0370753)
(0.0343663, 0.875702)
(0.034421, 0.568218)
(0.0344849, 0.64682)
(0.0344891, 0.157536)
(0.0346215, 0.712295)
(0.0354429, 0.151924)
(0.0355966, 0.252399)
(0.0367829, 0.00732566)
(0.0370198, 0.949539)
(0.0372956, 0.773848)
(0.0376674, 0.387609)
(0.0377206, 0.669679)
(0.0377705, 0.167773)
(0.0379339, 0.140854)
(0.0382674, 0.621196)
(0.0383752, 0.320673)
(0.0389043, 0.796415)
(0.0400996, 0.828591)
(0.040268, 0.890049)
(0.0402935, 0.633526)
(0.04044, 0.320195)
(0.0409167, 0.599548)
(0.0409679, 0.734065)
(0.041658, 0.626839)
(0.0417407, 0.0944673)
(0.0417527, 0.293644)
(0.0418306, 0.871608)
(0.0420523, 0.492758)
(0.042254, 0.910687)
(0.0425977, 0.29503)
(0.0427105, 0.516359)
(0.0433123, 0.134489)
(0.0434945, 0.574693)
(0.0437498, 0.786874)
(0.0440621, 0.680885)
(0.0440959, 0.479261)
(0.0444402, 0.453501)
(0.0449267, 0.461193)
(0.0453385, 0.199447)
(0.0465212, 0.103407)
(0.0474289, 0.821408)
(0.0476079, 0.305422)
(0.0476588, 0.0756522)
(0.0478843, 0.289258)
(0.0480654, 0.894462)
(0.0480723, 0.863103)
(0.0483358, 0.0304028)
(0.0486554, 0.599728)
(0.0487241, 0.683777)
(0.0487842, 0.690358)
(0.0493306, 0.0335261)
(0.0494811, 0.147216)
(0.04963, 0.34797)
(0.0496593, 0.948061)
(0.0501379, 0.376617)
(0.0504704, 0.434596)
(0.0507042, 0.790851)
(0.050846, 0.158357)
(0.0511976, 0.268279)
(0.0512382, 0.18518)
(0.0516398, 0.994262)
(0.0518625, 0.83495)
(0.0518725, 0.793399)
(0.0524001, 0.737316)
(0.0525143, 0.928058)
(0.0527098, 0.0199037)
(0.0528039, 0.0721287)
(0.0530821, 0.977054)
(0.0532383, 0.782391)
(0.053662, 0.465217)
(0.0537305, 0.29335)
(0.0537641, 0.806713)
(0.0543638, 0.415289)
(0.0546624, 0.311748)
(0.0547255, 0.0157021)
(0.0549978, 0.559114)
(0.0550195, 0.494425)
(0.0552855, 0.553602)
(0.0557187, 0.0794134)
(0.0563951, 0.935892)
(0.056816, 0.535844)
(0.0571722, 0.891424)
(0.0573882, 0.356301)
(0.057438, 0.595803)
(0.058128, 0.0682222)
(0.0584813, 0.847428)
(0.0593811, 0.90059)
(0.0593899, 0.845893)
(0.0599007, 0.496403)
(0.0601338, 0.309666)
(0.0602026, 0.844141)
(0.0612223, 0.730763)
(0.0615062, 0.855066)
(0.061978, 0.498618)
(0.0622456, 0.709295)
(0.0625734, 0.139815)
(0.0626572, 0.947881)
(0.0628061, 0.821009)
(0.0630342, 0.338596)
(0.0631284, 0.610053)
(0.063334, 0.113396)
(0.063453, 0.956786)
(0.0635722, 0.482772)
(0.0636191, 0.701309)
(0.0637279, 0.530856)
(0.0642116, 0.535587)
(0.0642731, 0.611319)
(0.064446, 0.869358)
(0.0646058, 0.725162)
(0.0649863, 0.505698)
(0.0649989, 0.798774)
(0.0652402, 0.951342)
(0.0653839, 0.358722)
(0.0659216, 0.490599)
(0.0665206, 0.645559)
(0.0669058, 0.580075)
(0.0673414, 0.475111)
(0.0679604, 0.577568)
(0.0680244, 0.18044)
(0.0686032, 0.564476)
(0.0687727, 0.884808)
(0.0688339, 0.225638)
(0.0691788, 0.724004)
(0.0694414, 0.491848)
(0.0697516, 0.893088)
(0.0704946, 0.481294)
(0.0705202, 0.764952)
(0.0709123, 0.580099)
(0.0709481, 0.926143)
(0.0710352, 0.215359)
(0.0710436, 0.00468962)
(0.0711013, 0.838157)
(0.0720472, 0.568398)
(0.0722128, 0.585994)
(0.0723781, 0.628247)
(0.0726789, 0.70645)
(0.0737434, 0.693539)
(0.0742778, 0.16236)
(0.0742921, 0.771275)
(0.0743541, 0.555277)
(0.0747332, 0.98494)
(0.074999, 0.571183)
(0.0750438, 0.752834)
(0.0757648, 0.0951351)
(0.0757815, 0.217092)
(0.0758368, 0.705526)
(0.0758658, 0.812765)
(0.0760325, 0.266779)
(0.0761012, 0.653953)
(0.0761593, 0.268369)
(0.0763734, 0.436057)
(0.0763866, 0.288573)
(0.076461, 0.550543)
(0.0767472, 0.916461)
(0.0768656, 0.123589)
(0.0769399, 0.426446)
(0.0775959, 0.493568)
(0.0776088, 0.1516)
(0.0782638, 0.666584)
(0.0783803, 0.961947)
(0.0784533, 0.645373)
(0.0785238, 0.941709)
(0.0788201, 0.530117)
(0.0789823, 0.43205)
(0.0791024, 0.199906)
(0.0795325, 0.709787)
(0.0809478, 0.274142)
(0.080972, 0.805549)
(0.0819016, 0.193893)
(0.0819027, 0.810545)
(0.0820678, 0.430723)
(0.0821511, 0.0433715)
(0.0821817, 0.706735)
(0.0824037, 0.400565)
(0.0824343, 0.119254)
(0.0831568, 0.922205)
(0.0831905, 0.315204)
(0.0833506, 0.874638)
(0.0834051, 0.655149)
(0.0850041, 0.284938)
(0.0850645, 0.527669)
(0.0851928, 0.536273)
(0.0852604, 0.0227379)
(0.0856196, 0.751861)
(0.0857434, 0.312171)
(0.0858486, 0.422219)
(0.0861328, 0.678756)
(0.0864018, 0.122538)
(0.0866023, 0.463517)
(0.0870393, 0.544248)
(0.0872529, 0.572234)
(0.0878532, 0.345579)
(0.0879898, 0.375806)
(0.0882047, 0.586909)
(0.088544, 0.397643)
(0.0886039, 0.962627)
(0.0888587, 0.958612)
(0.0888712, 0.831635)
(0.0889317, 0.783238)
(0.0891292, 0.473595)
(0.0891679, 0.12093)
(0.0891855, 0.570946)
(0.0893139, 0.791937)
(0.0895067, 0.226696)
(0.0895466, 0.139013)
(0.0897676, 0.197388)
(0.0900819, 0.0260336)
(0.0903676, 0.929067)
(0.0906491, 0.985848)
(0.0907441, 0.903273)
(0.0911848, 0.996549)
(0.0912742, 0.487898)
(0.0915019, 0.219113)
(0.0920544, 0.67462)
(0.0921561, 0.0996636)
(0.0927899, 0.587837)
(0.0934287, 0.67068)
(0.0937407, 0.0654777)
(0.0942234, 0.816354)
(0.0947751, 0.712389)
(0.0950199, 0.0561207)
(0.095308, 0.546506)
(0.0954348, 0.602702)
(0.0957201, 0.976068)
(0.0962953, 0.326757)
(0.0963975, 0.907442)
(0.0969214, 0.188648)
(0.0969624, 0.00106046)
(0.097184, 0.767548)
(0.0973223, 0.198093)
(0.0973831, 0.314281)
(0.0977439, 0.105547)
(0.0977689, 0.196391)
(0.0985069, 0.220865)
(0.0987242, 0.827991)
(0.098839, 0.36678)
(0.0994732, 0.280115)
(0.0994779, 0.675057)
(0.0995243, 0.328743)
(0.100596, 0.636807)
(0.10062, 0.96653)
(0.100635, 0.144503)
(0.101119, 0.398679)
(0.101406, 0.29537)
(0.101584, 0.28544)
(0.101772, 0.252786)
(0.10181, 0.884253)
(0.102027, 0.220392)
(0.102067, 0.99291)
(0.102258, 0.936238)
(0.102527, 0.318188)
(0.103156, 0.441205)
(0.103376, 0.807158)
(0.103394, 0.673415)
(0.103798, 0.275098)
(0.103821, 0.583913)
(0.103881, 0.0347767)
(0.104928, 0.0453174)
(0.105102, 0.0151071)
(0.105769, 0.118941)
(0.105825, 0.75882)
(0.105832, 0.957211)
(0.105993, 0.128569)
(0.10632, 0.0999111)
(0.106423, 0.215449)
(0.106504, 0.95454)
(0.107093, 0.886789)
(0.10752, 0.0386868)
(0.107655, 0.794248)
(0.107738, 0.0941473)
(0.108182, 0.634314)
(0.108239, 0.316985)
(0.108467, 0.931516)
(0.108498, 0.530362)
(0.109123, 0.0333278)
(0.109384, 0.00455874)
(0.109423, 0.119915)
(0.10964, 0.0970529)
(0.109843, 0.542435)
(0.110014, 0.128467)
(0.110724, 0.470775)
(0.110792, 0.661041)
(0.110834, 0.379003)
(0.11115, 0.539506)
(0.111531, 0.0569888)
(0.111903, 0.64652)
(0.112268, 0.608587)
(0.112897, 0.0587321)
(0.113287, 0.500417)
(0.113551, 0.409867)
(0.113821, 0.865405)
(0.113831, 0.296272)
(0.113932, 0.919631)
(0.11477, 0.620327)
(0.11493, 0.19189)
(0.115299, 0.417011)
(0.115834, 0.203552)
(0.115933, 0.0299397)
(0.115997, 0.254343)
(0.116037, 0.0424563)
(0.116144, 0.223358)
(0.116161, 0.125466)
(0.11618, 0.250804)
(0.116232, 0.547899)
(0.116414, 0.638612)
(0.11683, 0.626498)
(0.116847, 0.111727)
(0.117244, 0.715214)
(0.118132, 0.696059)
(0.118321, 0.854419)
(0.118363, 0.428332)
(0.118964, 0.538577)
(0.118976, 0.807927)
(0.119063, 0.595836)
(0.119302, 0.356471)
(0.119695, 0.618168)
(0.119773, 0.109562)
(0.120107, 0.976467)
(0.120343, 0.622106)
(0.120366, 0.246824)
(0.120888, 0.611768)
(0.121312, 0.86316)
(0.121337, 0.457032)
(0.121648, 0.420887)
(0.121803, 0.00641826)
(0.121836, 0.155318)
(0.121861, 0.657908)
(0.122664, 0.926151)
(0.122702, 0.514081)
(0.123856, 0.482745)
(0.123876, 0.667376)
(0.124416, 0.512775)
(0.124675, 0.4769)
(0.12487, 0.115192)
(0.125019, 0.456812)
(0.125271, 0.995264)
(0.125466, 0.423804)
(0.12548, 0.504384)
(0.125549, 0.889068)
(0.125552, 0.683102)
(0.125665, 0.150517)
(0.125812, 0.274652)
(0.126053, 0.0523538)
(0.126357, 0.426063)
(0.126613, 0.990917)
(0.126927, 0.942843)
(0.127166, 0.943085)
(0.127179, 0.576653)
(0.127482, 0.835781)
(0.127693, 0.522346)
(0.127748, 0.259179)
(0.128651, 0.0769436)
(0.128947, 0.120857)
(0.129074, 0.0175268)
(0.129104, 0.129433)
(0.129335, 0.929062)
(0.129521, 0.300574)
(0.129823, 0.9165)
(0.129863, 0.319439)
(0.130275, 0.889866)
(0.130475, 0.793273)
(0.130523, 0.725154)
(0.130561, 0.508266)
(0.130743, 0.101911)
(0.130911, 0.844526)
(0.131034, 0.337336)
(0.131324, 0.384692)
(0.131597, 0.19609)
(0.131613, 0.993321)
(0.131677, 0.779395)
(0.131871, 0.463472)
(0.131874, 0.106299)
(0.13225, 0.797371)
(0.132328, 0.0377686)
(0.13244, 0.385139)
(0.132765, 0.255714)
(0.133494, 0.447068)
(0.133759, 0.461781)
(0.133932, 0.425363)
(0.133933, 0.335917)
(0.133996, 0.97634)
(0.134211, 0.136732)
(0.134352, 0.0147941)
(0.134689, 0.0647179)
(0.134767, 0.964308)
(0.134816, 0.115181)
(0.134987, 0.602901)
(0.135368, 0.593403)
(0.135564, 0.460523)
(0.135607, 0.338588)
(0.135786, 0.14287)
(0.136156, 0.282237)
(0.136447, 0.248232)
(0.136618, 0.224353)
(0.136783, 0.156173)
(0.137094, 0.681607)
(0.13711, 0.722304)
(0.137724, 0.799783)
(0.137853, 0.0778824)
(0.1379, 0.578055)
(0.138271, 0.512415)
(0.138326, 0.22016)
(0.138342, 0.166673)
(0.13839, 0.426656)
(0.138608, 0.90442)
(0.138713, 0.547936)
(0.139465, 0.123097)
(0.140024, 0.244374)
(0.140152, 0.370875)
(0.140373, 0.895201)
(0.140462, 0.603628)
(0.140866, 0.848093)
(0.141377, 0.200849)
(0.141459, 0.211104)
(0.141681, 0.806978)
(0.141726, 0.969077)
(0.141998, 0.98564)
(0.14214, 0.816637)
(0.1423, 0.16374)
(0.142505, 0.922514)
(0.142711, 0.758666)
(0.143372, 0.956806)
(0.143581, 0.241127)
(0.143718, 0.805561)
(0.143874, 0.268918)
(0.144005, 0.133027)
(0.144187, 0.99429)
(0.144406, 0.3268)
(0.144961, 0.969157)
(0.145154, 0.783838)
(0.146, 0.775558)
(0.146116, 0.0669868)
(0.146409, 0.457948)
(0.147011, 0.826686)
(0.147203, 0.245302)
(0.147606, 0.557119)
(0.148029, 0.757919)
(0.148177, 0.0593261)
(0.148391, 0.620278)
(0.148471, 0.634546)
(0.148489, 0.630399)
(0.148725, 0.672778)
(0.149102, 0.411316)
(0.149151, 0.590232)
(0.149431, 0.148501)
(0.149631, 0.643253)
(0.149942, 0.826174)
(0.15005, 0.328703)
(0.150062, 0.20582)
(0.150465, 0.528279)
(0.150493, 0.429131)
(0.150548, 0.639126)
(0.150928, 0.309895)
(0.151362, 0.437268)
(0.151385, 4.33619e-05)
(0.151465, 0.925281)
(0.151693, 0.566908)
(0.152636, 0.697297)
(0.152697, 0.672893)
(0.152893, 0.859855)
(0.152951, 0.80432)
(0.153086, 0.262323)
(0.153746, 0.380062)
(0.154217, 0.813918)
(0.154414, 0.799901)
(0.154458, 0.282719)
(0.154807, 0.272144)
(0.154896, 0.774144)
(0.155105, 0.83814)
(0.155401, 0.562215)
(0.155751, 0.81261)
(0.155887, 0.0276703)
(0.15599, 0.487813)
(0.156363, 0.672129)
(0.156416, 0.542392)
(0.156604, 0.750064)
(0.156727, 0.374181)
(0.157031, 0.839887)
(0.157904, 0.999063)
(0.158065, 0.753315)
(0.158241, 0.615022)
(0.158315, 0.879294)
(0.158353, 0.720304)
(0.158366, 0.815304)
(0.158371, 0.578798)
(0.158412, 0.185068)
(0.158419, 0.813353)
(0.158986, 0.358318)
(0.159324, 0.585047)
(0.159456, 0.221196)
(0.159614, 0.723737)
(0.159634, 0.114098)
(0.15977, 0.441336)
(0.160157, 0.674806)
(0.160693, 0.233126)
(0.160732, 0.341653)
(0.160891, 0.397138)
(0.161557, 0.188626)
(0.161701, 0.165655)
(0.161935, 0.800463)
(0.161972, 0.0549515)
(0.162121, 0.196316)
(0.162245, 0.146247)
(0.162985, 0.954579)
(0.163107, 0.627739)
(0.163393, 0.671736)
(0.163519, 0.517833)
(0.163618, 0.879526)
(0.164096, 0.644551)
(0.164572, 0.454412)
(0.164725, 0.0665899)
(0.164835, 0.778993)
(0.16485, 0.0135284)
(0.166047, 0.438745)
(0.166336, 0.880066)
(0.166708, 0.353182)
(0.166759, 0.342095)
(0.16676, 0.546886)
(0.166968, 0.235121)
(0.167258, 0.685928)
(0.16736, 0.0246843)
(0.167711, 0.363753)
(0.167735, 0.113203)
(0.167829, 0.403834)
(0.167857, 0.83135)
(0.168114, 0.99716)
(0.168332, 0.218938)
(0.168345, 0.929713)
(0.168958, 0.349528)
(0.169257, 0.0806035)
(0.169558, 0.680931)
(0.169957, 0.927676)
(0.17083, 0.733794)
(0.17113, 0.967094)
(0.171443, 0.819662)
(0.17162, 0.835347)
(0.172008, 0.60592)
(0.172058, 0.60178)
(0.172155, 0.280386)
(0.172304, 0.700441)
(0.172411, 0.634801)
(0.172445, 0.989237)
(0.172582, 0.446067)
(0.173428, 0.0593699)
(0.173533, 0.214201)
(0.174212, 0.527342)
(0.174286, 0.685167)
(0.174363, 0.59816)
(0.17452, 0.0512038)
(0.175015, 0.232209)
(0.17567, 0.59065)
(0.175861, 0.00428506)
(0.176283, 0.3224)
(0.176765, 0.548484)
(0.176882, 0.768705)
(0.17705, 0.896103)
(0.177384, 0.481658)
(0.178373, 0.935355)
(0.1784, 0.930798)
(0.178403, 0.345556)
(0.179067, 0.192693)
(0.179079, 0.540963)
(0.179258, 0.901408)
(0.179661, 0.665666)
(0.179948, 0.00871722)
(0.180047, 0.133455)
(0.18015, 0.731319)
(0.181013, 0.218226)
(0.181128, 0.580266)
(0.181255, 0.187177)
(0.181404, 0.974753)
(0.181505, 0.868177)
(0.181903, 0.491873)
(0.182052, 0.616897)
(0.182078, 0.976206)
(0.182152, 0.0873136)
(0.182563, 0.525435)
(0.182722, 0.585387)
(0.182763, 0.436204)
(0.182859, 0.766096)
(0.183233, 0.439865)
(0.183467, 0.338555)
(0.183602, 0.0905262)
(0.18364, 0.357143)
(0.183901, 0.265916)
(0.18454, 0.850733)
(0.184574, 0.0691237)
(0.184703, 0.122201)
(0.184736, 0.286669)
(0.18478, 0.874735)
(0.185079, 0.801298)
(0.185079, 0.345751)
(0.185267, 0.926084)
(0.18541, 0.958484)
(0.18617, 0.850631)
(0.186256, 0.444382)
(0.186364, 0.293136)
(0.186608, 0.336365)
(0.18678, 0.85285)
(0.187694, 0.464276)
(0.187704, 0.448353)
(0.187957, 0.36652)
(0.188394, 0.0352769)
(0.188429, 0.103675)
(0.188468, 0.893265)
(0.188605, 0.981471)
(0.188873, 0.537849)
(0.188952, 0.484965)
(0.189004, 0.599505)
(0.189088, 0.903682)
(0.18909, 0.329707)
(0.189213, 0.520102)
(0.189224, 0.494343)
(0.189752, 0.993754)
(0.189828, 0.964119)
(0.19013, 0.751093)
(0.190423, 0.198632)
(0.190455, 0.361111)
(0.19064, 0.0576419)
(0.191129, 0.717743)
(0.191182, 0.461317)
(0.191235, 0.47196)
(0.19141, 0.120225)
(0.191412, 0.286904)
(0.19148, 0.805672)
(0.192636, 0.306425)
(0.192734, 0.250593)
(0.192877, 0.35533)
(0.193114, 0.271574)
(0.193351, 0.432647)
(0.193597, 0.394908)
(0.193722, 0.0570511)
(0.193768, 0.251049)
(0.193781, 0.989638)
(0.1942, 0.532935)
(0.194519, 0.759261)
(0.194624, 0.482354)
(0.194864, 0.31675)
(0.194933, 0.298286)
(0.195148, 0.754154)
(0.195154, 0.882474)
(0.195792, 0.351815)
(0.195811, 0.878046)
(0.195843, 0.222821)
(0.19587, 0.546623)
(0.195985, 0.730392)
(0.196126, 0.438932)
(0.196408, 0.938506)
(0.196415, 0.103737)
(0.196481, 0.370606)
(0.196485, 0.460712)
(0.196527, 0.122731)
(0.197061, 0.827882)
(0.19735, 0.429215)
(0.197806, 0.378743)
(0.198036, 0.0821862)
(0.198127, 0.295794)
(0.198409, 0.556776)
(0.198851, 0.608198)
(0.198982, 0.941611)
(0.199342, 0.18832)
(0.199457, 0.63227)
(0.199568, 0.126593)
(0.1998, 0.467199)
(0.199933, 0.430971)
(0.200106, 0.147207)
(0.20034, 0.387179)
(0.2005, 0.720568)
(0.200857, 0.367592)
(0.201183, 0.440465)
(0.201885, 0.26005)
(0.201993, 0.12274)
(0.202339, 0.919173)
(0.203219, 0.833689)
(0.203228, 0.72064)
(0.203473, 0.278747)
(0.203634, 0.507555)
(0.203835, 0.397125)
(0.203836, 0.640118)
(0.203892, 0.295703)
(0.204039, 0.934988)
(0.20428, 0.131631)
(0.204454, 0.214947)
(0.204603, 0.510572)
(0.204706, 0.8017)
(0.204711, 0.698044)
(0.204883, 0.737131)
(0.205208, 0.688763)
(0.205941, 0.0868917)
(0.205988, 0.125685)
(0.205997, 0.174215)
(0.206489, 0.958282)
(0.206606, 0.575262)
(0.20683, 0.365715)
(0.207186, 0.42068)
(0.208672, 0.430917)
(0.208996, 0.183695)
(0.209295, 0.438371)
(0.210077, 0.609179)
(0.210088, 0.657492)
(0.210128, 0.646012)
(0.210479, 0.20767)
(0.210526, 0.49258)
(0.210929, 0.507637)
(0.211119, 0.919513)
(0.211144, 0.720283)
(0.211485, 0.370281)
(0.211585, 0.0640359)
(0.211849, 0.130155)
(0.212481, 0.100419)
(0.212953, 0.873563)
(0.212987, 0.939796)
(0.213078, 0.813301)
(0.213544, 0.0298171)
(0.213863, 0.447182)
(0.213978, 0.749227)
(0.214377, 0.526372)
(0.21443, 0.969043)
(0.21455, 0.930091)
(0.21459, 0.606126)
(0.214675, 0.906307)
(0.21471, 0.72371)
(0.215111, 0.911134)
(0.215328, 0.709856)
(0.215527, 0.477282)
(0.215627, 0.764316)
(0.215927, 0.425548)
(0.215988, 0.186933)
(0.21606, 0.489964)
(0.216101, 0.383973)
(0.216331, 0.880694)
(0.216418, 0.725473)
(0.216438, 0.890069)
(0.216549, 0.740884)
(0.216583, 0.638207)
(0.216675, 0.12484)
(0.216971, 0.517312)
(0.217218, 0.215985)
(0.217313, 0.759146)
(0.217423, 0.88836)
(0.218012, 0.268559)
(0.218144, 0.398508)
(0.218205, 0.236476)
(0.218987, 0.48938)
(0.219035, 0.0242033)
(0.219132, 0.407869)
(0.219454, 0.274167)
(0.219515, 0.957189)
(0.219529, 0.855842)
(0.219729, 0.297125)
(0.220161, 0.713975)
(0.220497, 0.4532)
(0.221246, 0.0831703)
(0.221325, 0.369358)
(0.221592, 0.24163)
(0.221882, 0.321002)
(0.222402, 0.97277)
(0.222745, 0.166556)
(0.222821, 0.696974)
(0.222891, 0.0918357)
(0.222954, 0.628934)
(0.2231, 0.833504)
(0.223146, 0.42982)
(0.223424, 0.926996)
(0.223432, 0.892575)
(0.22409, 0.444311)
(0.224232, 0.485568)
(0.2244, 0.481285)
(0.22488, 0.349396)
(0.224959, 0.695961)
(0.225338, 0.331959)
(0.225526, 0.613797)
(0.225546, 0.487539)
(0.225991, 0.729614)
(0.226045, 0.835109)
(0.226193, 0.961557)
(0.226315, 0.18312)
(0.226589, 0.626025)
(0.226848, 0.197616)
(0.226991, 0.713755)
(0.227136, 0.910655)
(0.227432, 0.650002)
(0.227978, 0.276666)
(0.227995, 0.037779)
(0.228776, 0.500121)
(0.228928, 0.883655)
(0.230248, 0.608274)
(0.230332, 0.332826)
(0.2304, 0.796282)
(0.230678, 0.700146)
(0.230824, 0.41984)
(0.231162, 0.77556)
(0.231198, 0.886102)
(0.231487, 0.481715)
(0.232078, 0.961678)
(0.232286, 0.453511)
(0.232505, 0.586085)
(0.23321, 0.198892)
(0.233353, 0.615886)
(0.233495, 0.25405)
(0.233681, 0.137324)
(0.233832, 0.322778)
(0.234022, 0.278666)
(0.234207, 0.148796)
(0.234438, 0.860976)
(0.234793, 0.0879201)
(0.234882, 0.0151316)
(0.234891, 0.383039)
(0.234908, 0.443253)
(0.234925, 0.608499)
(0.235353, 0.0872848)
(0.235404, 0.821307)
(0.235601, 0.123283)
(0.235932, 0.591831)
(0.236061, 0.519935)
(0.236335, 0.321334)
(0.236361, 0.966666)
(0.236543, 0.340352)
(0.237035, 0.747176)
(0.237158, 0.89856)
(0.237511, 0.0648591)
(0.237666, 0.229495)
(0.237775, 0.920001)
(0.237804, 0.934327)
(0.237907, 0.664441)
(0.23794, 0.445011)
(0.23797, 0.196358)
(0.237981, 0.189355)
(0.238254, 0.459068)
(0.238579, 0.305044)
(0.238852, 0.521745)
(0.239231, 0.0353074)
(0.23924, 0.122814)
(0.239496, 0.171174)
(0.239563, 0.600312)
(0.23961, 0.695418)
(0.240144, 0.204619)
(0.240385, 0.772664)
(0.240437, 0.946643)
(0.240495, 0.0462007)
(0.240548, 0.38752)
(0.240601, 0.759069)
(0.240754, 0.945341)
(0.241183, 0.0662321)
(0.241253, 0.0987735)
(0.241296, 0.23051)
(0.241864, 0.340095)
(0.242034, 0.710009)
(0.242417, 0.519702)
(0.242471, 0.739889)
(0.24287, 0.993356)
(0.243116, 0.749659)
(0.243161, 0.702205)
(0.243352, 0.733412)
(0.243359, 0.93675)
(0.243781, 0.5799)
(0.243783, 0.908857)
(0.243891, 0.433086)
(0.244065, 0.0946055)
(0.244201, 0.832414)
(0.244249, 0.968602)
(0.244292, 0.0908089)
(0.244311, 0.0142344)
(0.244676, 0.955226)
(0.245004, 0.920999)
(0.245178, 0.0771152)
(0.2454, 0.578699)
(0.245494, 0.901157)
(0.245513, 0.0408676)
(0.245791, 0.457819)
(0.246389, 0.658267)
(0.246563, 0.687507)
(0.246812, 0.939767)
(0.246845, 0.294522)
(0.247221, 0.0137102)
(0.247444, 0.894706)
(0.247545, 0.879641)
(0.247884, 0.944702)
(0.247898, 0.970012)
(0.247994, 0.230529)
(0.248391, 0.740835)
(0.24863, 0.285631)
(0.248946, 0.50377)
(0.249034, 0.611934)
(0.249142, 0.927535)
(0.249182, 0.854679)
(0.2493, 0.146275)
(0.249439, 0.542232)
(0.249849, 0.724321)
(0.249931, 0.713937)
(0.250259, 0.730929)
(0.250304, 0.197552)
(0.250428, 0.45612)
(0.2505, 0.210727)
(0.250809, 0.816495)
(0.250941, 0.90649)
(0.251186, 0.619755)
(0.251239, 0.386552)
(0.251458, 0.0332144)
(0.251791, 0.212827)
(0.252156, 0.0260278)
(0.252538, 0.234134)
(0.252631, 0.53104)
(0.252751, 0.21121)
(0.252929, 0.664331)
(0.25307, 0.615104)
(0.253212, 0.99899)
(0.253214, 0.806526)
(0.253244, 0.84053)
(0.253382, 0.116856)
(0.253592, 0.944584)
(0.253856, 0.265771)
(0.253877, 0.382779)
(0.254037, 0.864112)
(0.254145, 0.803674)
(0.254399, 0.456304)
(0.254638, 0.187384)
(0.254845, 0.108372)
(0.254983, 0.526913)
(0.255253, 0.210966)
(0.255323, 0.663233)
(0.255358, 0.0625947)
(0.255438, 0.913375)
(0.25566, 0.219049)
(0.256224, 0.45095)
(0.256775, 0.658431)
(0.257207, 0.647664)
(0.257268, 0.296677)
(0.257311, 0.827409)
(0.257412, 0.680746)
(0.257474, 0.0447141)
(0.25774, 0.345732)
(0.258411, 0.249625)
(0.258635, 0.0165134)
(0.258742, 0.294574)
(0.258916, 0.402405)
(0.259135, 0.977545)
(0.259803, 0.719086)
(0.259804, 0.105153)
(0.260245, 0.290465)
(0.260349, 0.987767)
(0.26051, 0.814896)
(0.260663, 0.980007)
(0.260702, 0.837037)
(0.260787, 0.21474)
(0.260912, 0.7769)
(0.261281, 0.851996)
(0.261446, 0.113876)
(0.26149, 0.275814)
(0.261506, 0.89672)
(0.262342, 0.370163)
(0.262358, 0.906417)
(0.264005, 0.779321)
(0.264585, 0.63134)
(0.264683, 0.33558)
(0.265358, 0.128812)
(0.265533, 0.431282)
(0.265548, 0.678307)
(0.265607, 0.800164)
(0.265954, 0.569305)
(0.266721, 0.16263)
(0.267213, 0.914607)
(0.267214, 0.689014)
(0.268695, 0.670312)
(0.268725, 0.00350573)
(0.268794, 0.772983)
(0.269097, 0.434661)
(0.269114, 0.694735)
(0.269823, 0.643871)
(0.270269, 0.266214)
(0.270437, 0.199493)
(0.270709, 0.57257)
(0.270798, 0.0796178)
(0.270956, 0.13109)
(0.271252, 0.729334)
(0.271355, 0.670437)
(0.271379, 0.667902)
(0.271745, 0.639872)
(0.271756, 0.696603)
(0.271775, 0.967077)
(0.271913, 0.650976)
(0.272146, 0.699511)
(0.272337, 0.861031)
(0.272619, 0.159295)
(0.272647, 0.488799)
(0.272682, 0.999974)
(0.272962, 0.000209632)
(0.273008, 0.874628)
(0.27328, 0.463008)
(0.27334, 0.903281)
(0.27383, 0.430231)
(0.274427, 0.250382)
(0.274431, 0.585353)
(0.274479, 0.936127)
(0.275842, 0.0159009)
(0.2759, 0.0561719)
(0.276133, 0.410852)
(0.277227, 0.218364)
(0.27735, 0.219297)
(0.277764, 0.0845271)
(0.277934, 0.171153)
(0.278391, 0.127081)
(0.279022, 0.455796)
(0.279115, 0.727296)
(0.279227, 0.676301)
(0.279233, 0.971486)
(0.279471, 0.704366)
(0.279705, 0.107481)
(0.279837, 0.314044)
(0.280024, 0.266123)
(0.280318, 0.157227)
(0.280549, 0.50833)
(0.280581, 0.0208849)
(0.280812, 0.987768)
(0.280973, 0.134262)
(0.280977, 0.273102)
(0.281397, 0.570314)
(0.281871, 0.833885)
(0.28299, 0.17661)
(0.28391, 0.88657)
(0.284025, 0.580338)
(0.284646, 0.291427)
(0.284777, 0.916159)
(0.284809, 0.169804)
(0.284925, 0.658099)
(0.285037, 0.277111)
(0.285251, 0.895265)
(0.28563, 0.741809)
(0.28568, 0.393655)
(0.285759, 0.482011)
(0.285827, 0.347524)
(0.28603, 0.0415664)
(0.286643, 0.608542)
(0.286886, 0.0622062)
(0.286959, 0.875797)
(0.286991, 0.446668)
(0.287494, 0.968429)
(0.287738, 0.515361)
(0.288438, 0.34312)
(0.288536, 0.710332)
(0.289355, 0.548317)
(0.289891, 0.942748)
(0.290112, 0.410905)
(0.290678, 0.749312)
(0.29156, 0.312058)
(0.2916, 0.0548856)
(0.291784, 0.535488)
(0.291787, 0.456449)
(0.29183, 0.46289)
(0.292061, 0.111907)
(0.292382, 0.40636)
(0.292553, 0.137398)
(0.292565, 0.907681)
(0.292587, 0.82746)
(0.292727, 0.523468)
(0.292885, 0.408784)
(0.293442, 0.362929)
(0.293634, 0.417073)
(0.293887, 0.541196)
(0.294141, 0.0988699)
(0.29428, 0.153805)
(0.294525, 0.807707)
(0.294573, 0.833351)
(0.294679, 0.0886672)
(0.294686, 0.515891)
(0.29478, 0.568415)
(0.294915, 0.784982)
(0.294924, 0.278793)
(0.295327, 0.623843)
(0.295807, 0.183069)
(0.295991, 0.0428873)
(0.296267, 0.381949)
(0.296437, 0.994851)
(0.296548, 0.662737)
(0.296626, 0.628699)
(0.296962, 0.583884)
(0.296988, 0.0493821)
(0.297014, 0.892412)
(0.297064, 0.56733)
(0.297188, 0.0858706)
(0.297299, 0.55931)
(0.297512, 0.57075)
(0.297894, 0.374265)
(0.297948, 0.636787)
(0.29795, 0.293207)
(0.297951, 0.690053)
(0.297979, 0.707228)
(0.29814, 0.832447)
(0.298296, 0.365409)
(0.298536, 0.968437)
(0.299142, 0.942587)
(0.299227, 0.740722)
(0.299314, 0.607124)
(0.299424, 0.904428)
(0.299459, 0.401601)
(0.299488, 0.0632386)
(0.299604, 0.382163)
(0.301765, 0.114799)
(0.301843, 0.499004)
(0.302136, 0.953307)
(0.302233, 0.239012)
(0.302289, 0.333189)
(0.302899, 0.836456)
(0.303326, 0.0568629)
(0.303396, 0.179318)
(0.303496, 0.799337)
(0.30459, 0.429567)
(0.304979, 0.998811)
(0.305205, 0.728287)
(0.30523, 0.0817182)
(0.305455, 0.398935)
(0.305919, 0.616161)
(0.306082, 0.660337)
(0.30615, 0.0189349)
(0.306189, 0.0304555)
(0.306191, 0.247838)
(0.306192, 0.965474)
(0.306798, 0.0436992)
(0.306823, 0.513174)
(0.307329, 0.464254)
(0.307447, 0.367556)
(0.307824, 0.696976)
(0.308015, 0.434887)
(0.308798, 0.029739)
(0.308872, 0.479306)
(0.30973, 0.646563)
(0.30986, 0.582231)
(0.310053, 0.454781)
(0.310234, 0.424431)
(0.310408, 0.872665)
(0.310446, 0.933923)
(0.310551, 0.156256)
(0.310626, 0.0566205)
(0.310824, 0.745505)
(0.311483, 0.786293)
(0.311498, 0.15069)
(0.31153, 0.120124)
(0.312321, 0.469217)
(0.312328, 0.624679)
(0.312589, 0.897124)
(0.312693, 0.894121)
(0.313061, 0.657773)
(0.313235, 0.693566)
(0.313544, 0.131754)
(0.313755, 0.258218)
(0.313942, 0.147888)
(0.313984, 0.237143)
(0.31406, 0.8607)
(0.314399, 0.179985)
(0.314782, 0.294972)
(0.314945, 0.103505)
(0.314982, 0.858704)
(0.315547, 0.194676)
(0.315802, 0.292036)
(0.315847, 0.413992)
(0.315984, 0.0242918)
(0.31601, 0.86147)
(0.31603, 0.864595)
(0.316103, 0.344804)
(0.317065, 0.133671)
(0.317256, 0.864272)
(0.317592, 0.348618)
(0.317631, 0.21264)
(0.317888, 0.586281)
(0.318431, 0.90714)
(0.318552, 0.106245)
(0.318819, 0.74681)
(0.318898, 0.789467)
(0.319142, 0.510145)
(0.319346, 0.966469)
(0.320405, 0.861438)
(0.320576, 0.954317)
(0.320614, 0.698996)
(0.320728, 0.692198)
(0.321466, 0.797471)
(0.321487, 0.602585)
(0.321702, 0.76724)
(0.321713, 0.634068)
(0.321805, 0.0662307)
(0.321837, 0.347951)
(0.321884, 0.506425)
(0.322049, 0.645651)
(0.322112, 0.368886)
(0.322203, 0.529535)
(0.32221, 0.0229818)
(0.323118, 0.512352)
(0.323463, 0.624459)
(0.323723, 0.251134)
(0.323883, 0.092294)
(0.32392, 0.398869)
(0.324349, 0.805681)
(0.324895, 0.981289)
(0.325211, 0.441158)
(0.325687, 0.838145)
(0.325787, 0.422939)
(0.325803, 0.192403)
(0.326001, 0.0411487)
(0.326221, 0.358713)
(0.326483, 0.565272)
(0.326723, 0.973525)
(0.32673, 0.210235)
(0.327098, 0.743115)
(0.327229, 0.631023)
(0.327453, 0.0672857)
(0.327744, 0.218263)
(0.327848, 0.666433)
(0.327937, 0.484348)
(0.327945, 0.693825)
(0.327964, 0.883317)
(0.328226, 0.529775)
(0.328451, 0.255476)
(0.328639, 0.636166)
(0.328697, 0.67197)
(0.329102, 0.662917)
(0.329807, 0.116656)
(0.330133, 0.287771)
(0.33028, 0.940157)
(0.330542, 0.741258)
(0.330941, 0.424543)
(0.330956, 0.535276)
(0.331074, 0.355978)
(0.331143, 0.689015)
(0.331312, 0.170598)
(0.331498, 0.219353)
(0.331894, 0.0393773)
(0.331938, 0.553552)
(0.332673, 0.499145)
(0.333199, 0.642163)
(0.333379, 0.0301804)
(0.333917, 0.971156)
(0.334045, 0.594128)
(0.334213, 0.9423)
(0.334459, 0.952547)
(0.334551, 0.628671)
(0.334922, 0.417305)
(0.334931, 0.0949667)
(0.335003, 0.431968)
(0.335051, 0.244866)
(0.335828, 0.013913)
(0.336221, 0.543131)
(0.336673, 0.78685)
(0.336695, 0.130944)
(0.336883, 0.271775)
(0.336889, 0.22427)
(0.336917, 0.7057)
(0.337006, 0.994108)
(0.337053, 0.404492)
(0.337224, 0.791229)
(0.337257, 0.392548)
(0.337271, 0.554103)
(0.337821, 0.70304)
(0.338186, 0.482542)
(0.338281, 0.546945)
(0.338864, 0.893091)
(0.339046, 0.495604)
(0.339205, 0.900374)
(0.339307, 0.270056)
(0.339581, 0.109431)
(0.339659, 0.442866)
(0.339813, 0.0665214)
(0.33993, 0.59542)
(0.340126, 0.974468)
(0.340561, 0.624098)
(0.340598, 0.347129)
(0.340812, 0.747525)
(0.340887, 0.605657)
(0.341295, 0.841782)
(0.34139, 0.25164)
(0.341433, 0.0933795)
(0.341767, 0.762842)
(0.341848, 0.90758)
(0.341917, 0.0634794)
(0.341922, 0.229916)
(0.342241, 0.695915)
(0.34241, 0.442032)
(0.34297, 0.688363)
(0.343143, 0.592766)
(0.34318, 0.892104)
(0.343525, 0.727417)
(0.343778, 0.376302)
(0.343999, 0.130981)
(0.344018, 0.966905)
(0.344024, 0.490735)
(0.344636, 0.0481661)
(0.344738, 0.886555)
(0.34513, 0.388299)
(0.345591, 0.121432)
(0.345687, 0.25776)
(0.346292, 0.396536)
(0.346459, 0.00713374)
(0.346515, 0.0757819)
(0.346543, 0.784476)
(0.347122, 0.487832)
(0.348341, 0.842721)
(0.34851, 0.177604)
(0.348891, 0.529316)
(0.349022, 0.415665)
(0.349102, 0.145634)
(0.34913, 0.182254)
(0.349234, 0.0342931)
(0.349302, 0.213256)
(0.34971, 0.631195)
(0.350158, 0.533859)
(0.350284, 0.322794)
(0.350371, 0.31692)
(0.350685, 0.12578)
(0.351048, 0.325029)
(0.351184, 0.918594)
(0.351449, 0.153383)
(0.351695, 0.807576)
(0.351869, 0.745985)
(0.352082, 0.57629)
(0.352686, 0.502939)
(0.35327, 0.802944)
(0.353587, 0.064367)
(0.354108, 0.299746)
(0.354119, 0.104796)
(0.354221, 0.477041)
(0.354385, 0.569622)
(0.354421, 0.713959)
(0.354594, 0.902785)
(0.354701, 0.654555)
(0.354794, 0.0695129)
(0.354846, 0.188962)
(0.354886, 0.836846)
(0.355218, 0.406037)
(0.355425, 0.598889)
(0.355823, 0.216969)
(0.355859, 0.944095)
(0.356553, 0.0982283)
(0.356589, 0.53163)
(0.356754, 0.83455)
(0.356922, 0.661275)
(0.357369, 0.250185)
(0.357523, 0.164212)
(0.357686, 0.942977)
(0.357768, 0.452618)
(0.357899, 0.0852653)
(0.357911, 0.387135)
(0.358037, 0.517152)
(0.358616, 0.951558)
(0.358918, 0.226589)
(0.359139, 0.701645)
(0.359166, 0.17342)
(0.359309, 0.167997)
(0.359376, 0.991274)
(0.359436, 0.294767)
(0.359557, 0.36515)
(0.360042, 0.0519471)
(0.360449, 0.888928)
(0.360688, 0.384159)
(0.360879, 0.999527)
(0.361204, 0.140451)
(0.361758, 0.273518)
(0.361768, 0.772007)
(0.361889, 0.752995)
(0.362124, 0.278829)
(0.362195, 0.333508)
(0.363339, 0.891765)
(0.363391, 0.984881)
(0.363468, 0.596448)
(0.363473, 0.536042)
(0.363479, 0.958355)
(0.363499, 0.653645)
(0.363536, 0.749199)
(0.364018, 0.381438)
(0.364028, 0.847275)
(0.364283, 0.0392683)
(0.364609, 0.9917)
(0.364667, 0.383551)
(0.364805, 0.241527)
(0.366302, 0.194879)
(0.36645, 0.678935)
(0.366829, 0.0880001)
(0.368182, 0.234443)
(0.368189, 0.166683)
(0.368234, 0.177127)
(0.368347, 0.99261)
(0.368417, 0.0888422)
(0.36859, 0.224678)
(0.368676, 0.688539)
(0.368915, 0.358755)
(0.369374, 0.651424)
(0.369627, 0.513146)
(0.369674, 0.452667)
(0.370202, 0.555795)
(0.370263, 0.774792)
(0.370338, 0.435078)
(0.370411, 0.605826)
(0.370705, 0.551453)
(0.370883, 0.990401)
(0.371117, 0.905073)
(0.371418, 0.790402)
(0.371732, 0.814927)
(0.371944, 0.221967)
(0.371971, 0.454889)
(0.372088, 0.3662)
(0.37209, 0.844978)
(0.372236, 0.811979)
(0.37239, 0.619739)
(0.372865, 0.222597)
(0.373078, 0.277971)
(0.373744, 0.641609)
(0.374165, 0.631463)
(0.374507, 0.832084)
(0.374696, 0.149864)
(0.374881, 0.561964)
(0.375164, 0.451537)
(0.375731, 0.351052)
(0.375844, 0.474726)
(0.376138, 0.0148976)
(0.37644, 0.14401)
(0.376518, 0.221659)
(0.376588, 0.716684)
(0.376753, 0.66376)
(0.377326, 0.0502669)
(0.377447, 0.623237)
(0.377561, 0.794334)
(0.377805, 0.567456)
(0.378132, 0.0652725)
(0.378263, 0.275217)
(0.378299, 0.441567)
(0.378868, 0.221311)
(0.379189, 0.605514)
(0.379399, 0.490439)
(0.379721, 0.285913)
(0.379813, 0.929585)
(0.379823, 0.484945)
(0.379869, 0.219298)
(0.380313, 0.073306)
(0.380983, 0.455398)
(0.380995, 0.302466)
(0.381019, 0.805024)
(0.381388, 0.417123)
(0.381736, 0.697652)
(0.381901, 0.499529)
(0.383191, 0.611736)
(0.383431, 0.593787)
(0.383632, 0.955907)
(0.384153, 0.666139)
(0.384842, 0.044487)
(0.38534, 0.350969)
(0.385446, 0.98302)
(0.385564, 0.964353)
(0.385715, 0.180209)
(0.386088, 0.945049)
(0.386172, 0.796885)
(0.386418, 0.549768)
(0.386525, 0.515281)
(0.387367, 0.504382)
(0.387399, 0.688381)
(0.387643, 0.758298)
(0.387676, 0.307773)
(0.387861, 0.920508)
(0.387902, 0.798358)
(0.387917, 0.26772)
(0.387919, 0.675774)
(0.388506, 0.306744)
(0.388786, 0.228114)
(0.389153, 0.496607)
(0.389177, 0.652009)
(0.389191, 0.340676)
(0.389208, 0.0561528)
(0.389448, 0.509042)
(0.389503, 0.426793)
(0.390255, 0.250614)
(0.390263, 0.163097)
(0.39059, 0.92165)
(0.391837, 0.437254)
(0.392335, 0.758938)
(0.392734, 0.374451)
(0.392749, 0.574369)
(0.392916, 0.460786)
(0.393291, 0.334525)
(0.393304, 0.126471)
(0.393759, 0.911058)
(0.393838, 0.640217)
(0.393903, 0.921769)
(0.394297, 0.910809)
(0.394368, 0.308334)
(0.394702, 0.803766)
(0.394991, 0.772767)
(0.395256, 0.316979)
(0.395804, 0.108999)
(0.395868, 0.222841)
(0.396377, 0.458083)
(0.396495, 0.246797)
(0.396737, 0.852335)
(0.396846, 0.368858)
(0.39687, 0.116533)
(0.396957, 0.646356)
(0.397041, 0.765429)
(0.397305, 0.272331)
(0.397345, 0.332987)
(0.39764, 0.538243)
(0.398347, 0.289057)
(0.398746, 0.821463)
(0.39888, 0.604993)
(0.399272, 0.0745344)
(0.400052, 0.45841)
(0.40011, 0.302648)
(0.400365, 0.835976)
(0.400494, 0.368771)
(0.400545, 0.733525)
(0.400822, 0.138499)
(0.40105, 0.170529)
(0.402279, 0.824157)
(0.402547, 0.799463)
(0.402759, 0.768361)
(0.403225, 0.0108412)
(0.403465, 0.690169)
(0.403563, 0.243601)
(0.40367, 0.900403)
(0.40411, 0.0184011)
(0.404184, 0.194374)
(0.404239, 0.136127)
(0.404556, 0.248143)
(0.404803, 0.450443)
(0.40488, 0.70718)
(0.405206, 0.228229)
(0.405297, 0.805552)
(0.405462, 0.54986)
(0.406504, 0.707767)
(0.406751, 0.59377)
(0.406791, 0.955975)
(0.406797, 0.476131)
(0.406817, 0.254655)
(0.406965, 0.0215296)
(0.407896, 0.0212388)
(0.407998, 0.663133)
(0.40803, 0.226109)
(0.408312, 0.072057)
(0.40866, 0.384577)
(0.408792, 0.316294)
(0.409004, 0.463546)
(0.409052, 0.0556688)
(0.409539, 0.981586)
(0.409705, 0.0397281)
(0.40979, 0.990813)
(0.410046, 0.691861)
(0.410056, 0.151147)
(0.410098, 0.405897)
(0.410147, 0.0273914)
(0.410748, 0.565219)
(0.410836, 0.10409)
(0.410944, 0.690332)
(0.411307, 0.537216)
(0.411467, 0.459131)
(0.411596, 0.523511)
(0.412276, 0.040707)
(0.412359, 0.555307)
(0.412643, 0.822455)
(0.412664, 0.280387)
(0.412751, 0.308779)
(0.412782, 0.946585)
(0.412815, 0.824097)
(0.413495, 0.932114)
(0.413561, 0.0749753)
(0.414136, 0.591094)
(0.414387, 0.919513)
(0.414416, 0.610856)
(0.414544, 0.184378)
(0.41459, 0.755788)
(0.414769, 0.753701)
(0.414946, 0.848707)
(0.414967, 0.698487)
(0.415027, 0.236074)
(0.415221, 0.29022)
(0.415588, 0.465108)
(0.415787, 0.366412)
(0.41584, 0.351666)
(0.415956, 0.415646)
(0.416103, 0.686689)
(0.416139, 0.44754)
(0.416194, 0.373839)
(0.416555, 0.184347)
(0.416569, 0.394383)
(0.41676, 0.90782)
(0.417148, 0.664217)
(0.417186, 0.822507)
(0.417237, 0.895439)
(0.41731, 0.497897)
(0.41743, 0.626808)
(0.417523, 0.269106)
(0.41782, 0.957574)
(0.417987, 0.131066)
(0.418017, 0.571797)
(0.41805, 0.451132)
(0.418296, 0.734695)
(0.419007, 0.115452)
(0.419464, 0.513254)
(0.419604, 0.828088)
(0.419786, 0.894858)
(0.420043, 0.864782)
(0.42023, 0.30333)
(0.420666, 0.114322)
(0.42078, 0.481619)
(0.421123, 0.386493)
(0.421161, 0.839896)
(0.421337, 0.309378)
(0.42145, 0.769068)
(0.421468, 0.650602)
(0.421922, 0.67875)
(0.422357, 0.0176614)
(0.422484, 0.285659)
(0.42254, 0.214439)
(0.422717, 0.0303855)
(0.422748, 0.374728)
(0.422825, 0.79557)
(0.423165, 0.297137)
(0.423864, 0.572895)
(0.4242, 0.503493)
(0.424389, 0.858995)
(0.42458, 0.385366)
(0.424655, 0.56834)
(0.424919, 0.0335372)
(0.42531, 0.244119)
(0.425353, 0.656889)
(0.425377, 0.558609)
(0.42541, 0.0864095)
(0.425724, 0.60371)
(0.426396, 0.73336)
(0.426611, 0.622611)
(0.426805, 0.694114)
(0.427055, 0.51889)
(0.42711, 0.45496)
(0.427321, 0.854795)
(0.427468, 0.455419)
(0.427531, 0.178977)
(0.427965, 0.970989)
(0.427991, 0.239008)
(0.428003, 0.116988)
(0.428038, 0.365989)
(0.428261, 0.547833)
(0.428763, 0.369195)
(0.428911, 0.0152556)
(0.428931, 0.0869822)
(0.429418, 0.615631)
(0.429702, 0.873981)
(0.430141, 0.391213)
(0.430327, 0.875312)
(0.43042, 0.58663)
(0.430549, 0.207679)
(0.430848, 0.831558)
(0.431602, 0.553312)
(0.431607, 0.556424)
(0.432232, 0.882923)
(0.432522, 0.5212)
(0.43253, 0.517303)
(0.432555, 0.492235)
(0.432846, 0.120066)
(0.433245, 0.536064)
(0.433709, 0.728221)
(0.434012, 0.62274)
(0.434127, 0.598774)
(0.434196, 0.493439)
(0.434536, 0.542229)
(0.434627, 0.167776)
(0.434729, 0.310977)
(0.435055, 0.272102)
(0.435223, 0.373354)
(0.435326, 0.532773)
(0.436147, 0.883889)
(0.436243, 0.51882)
(0.436364, 0.281507)
(0.436429, 0.82356)
(0.437036, 0.0422937)
(0.437524, 0.191923)
(0.437602, 0.897862)
(0.437915, 0.415006)
(0.437947, 0.184745)
(0.438076, 0.52303)
(0.438112, 0.32111)
(0.438407, 0.70218)
(0.438778, 0.519327)
(0.439078, 0.496479)
(0.439238, 0.937674)
(0.439484, 0.132551)
(0.439824, 0.909529)
(0.439872, 0.490928)
(0.439893, 0.911416)
(0.440164, 0.0217629)
(0.440419, 0.0341021)
(0.440524, 0.496303)
(0.440558, 0.342031)
(0.441129, 0.794635)
(0.441267, 0.139555)
(0.44156, 0.531802)
(0.442142, 0.173311)
(0.442272, 0.18819)
(0.442304, 0.528642)
(0.442369, 0.335961)
(0.442811, 0.6385)
(0.443478, 0.156334)
(0.443689, 0.923203)
(0.445052, 0.503938)
(0.445216, 0.446002)
(0.445368, 0.744922)
(0.446036, 0.812201)
(0.446435, 0.631147)
(0.44649, 0.383443)
(0.446621, 0.198674)
(0.44664, 0.921705)
(0.446921, 0.109367)
(0.446939, 0.322336)
(0.447406, 0.328233)
(0.447486, 0.641011)
(0.447912, 0.6867)
(0.448785, 0.965583)
(0.449281, 0.882132)
(0.449834, 0.640878)
(0.449916, 0.134151)
(0.45005, 0.95483)
(0.450524, 0.275074)
(0.450541, 0.690966)
(0.450748, 0.63162)
(0.451219, 0.635457)
(0.451428, 0.143228)
(0.451547, 0.859248)
(0.452023, 0.0913213)
(0.452386, 0.576312)
(0.452392, 0.625173)
(0.452535, 0.682493)
(0.452587, 0.936539)
(0.452731, 0.410378)
(0.452824, 0.79098)
(0.452838, 0.96507)
(0.453011, 0.731018)
(0.453058, 0.273678)
(0.453293, 0.270063)
(0.453303, 0.502958)
(0.453322, 0.297992)
(0.453433, 0.320907)
(0.453652, 0.397357)
(0.453891, 0.870805)
(0.454019, 0.922894)
(0.454186, 0.570703)
(0.454518, 0.516354)
(0.454696, 0.149328)
(0.454758, 0.345231)
(0.455015, 0.995055)
(0.45523, 0.677406)
(0.455292, 0.332326)
(0.456021, 0.497906)
(0.456037, 0.927463)
(0.456127, 0.0747685)
(0.456178, 0.629785)
(0.456331, 0.862055)
(0.456634, 0.118255)
(0.456762, 0.48814)
(0.456824, 0.39892)
(0.45699, 0.945494)
(0.457291, 0.554279)
(0.457474, 0.746979)
(0.457907, 0.632165)
(0.457915, 0.956156)
(0.45803, 0.179868)
(0.458605, 0.869687)
(0.458927, 0.789741)
(0.458998, 0.317406)
(0.45913, 0.963913)
(0.459569, 0.192859)
(0.459631, 0.419803)
(0.459945, 0.3904)
(0.460412, 0.271916)
(0.460417, 0.274701)
(0.460705, 0.478177)
(0.461065, 0.725743)
(0.461311, 0.83542)
(0.461558, 0.477808)
(0.461667, 0.543964)
(0.462029, 0.842317)
(0.46234, 0.0593756)
(0.462737, 0.734749)
(0.462808, 0.458238)
(0.463038, 0.665083)
(0.463063, 0.9678)
(0.463481, 0.995272)
(0.463614, 0.335015)
(0.463616, 0.362306)
(0.463759, 0.881619)
(0.463855, 0.436174)
(0.464136, 0.621779)
(0.464384, 0.646094)
(0.464726, 0.403708)
(0.464905, 0.189411)
(0.465249, 0.554058)
(0.465283, 0.358491)
(0.465364, 0.278649)
(0.466514, 0.483766)
(0.466835, 0.398505)
(0.467139, 0.959756)
(0.467159, 0.677317)
(0.467238, 0.986024)
(0.467687, 0.620819)
(0.467727, 0.390239)
(0.467832, 0.0718222)
(0.467924, 0.414474)
(0.468167, 0.344538)
(0.468303, 0.0435719)
(0.468425, 0.914365)
(0.468763, 0.558596)
(0.468901, 0.757705)
(0.468974, 0.555467)
(0.469044, 0.557376)
(0.46921, 0.121241)
(0.469528, 0.391627)
(0.469555, 0.549255)
(0.469746, 0.63936)
(0.470619, 0.569183)
(0.471169, 0.544849)
(0.471173, 0.771261)
(0.471744, 0.505171)
(0.472119, 0.287838)
(0.472174, 0.787663)
(0.472969, 0.83598)
(0.473054, 0.835092)
(0.473431, 0.429577)
(0.473517, 0.97232)
(0.474808, 0.827608)
(0.475054, 0.435086)
(0.475221, 0.88886)
(0.476163, 0.0526427)
(0.476229, 0.610554)
(0.476756, 0.935177)
(0.476812, 0.804602)
(0.477251, 0.0113866)
(0.477264, 0.901727)
(0.477594, 0.196216)
(0.478889, 0.839609)
(0.47942, 0.61515)
(0.479425, 0.955553)
(0.479672, 0.651911)
(0.48041, 0.783846)
(0.480423, 0.256991)
(0.480558, 0.78317)
(0.480733, 0.0469028)
(0.4813, 0.75636)
(0.481383, 0.270956)
(0.481532, 0.526021)
(0.48177, 0.0480833)
(0.481911, 0.858201)
(0.481979, 0.150011)
(0.482149, 0.726942)
(0.482213, 0.11989)
(0.482373, 0.206632)
(0.482672, 0.258807)
(0.482832, 0.525475)
(0.482957, 0.604149)
(0.483064, 0.940764)
(0.483558, 0.307002)
(0.483821, 0.484182)
(0.483876, 0.756196)
(0.483903, 0.0483059)
(0.48411, 0.832037)
(0.484149, 0.708203)
(0.484177, 0.866508)
(0.484392, 0.0118637)
(0.484611, 0.71758)
(0.484751, 0.940018)
(0.484772, 0.314959)
(0.484798, 0.828282)
(0.484844, 0.254127)
(0.485312, 0.998234)
(0.485399, 0.282761)
(0.485693, 0.00189531)
(0.486151, 0.0119656)
(0.486535, 0.714362)
(0.486781, 0.330665)
(0.486896, 0.84539)
(0.486912, 0.845298)
(0.486987, 0.076662)
(0.487001, 0.91546)
(0.487212, 0.414563)
(0.487329, 0.840074)
(0.487386, 0.334245)
(0.487525, 0.905326)
(0.488196, 0.956807)
(0.48839, 0.90929)
(0.488508, 0.331149)
(0.488871, 0.980948)
(0.48907, 0.327027)
(0.490147, 0.100818)
(0.490245, 0.544655)
(0.490298, 0.540144)
(0.490328, 0.489295)
(0.490817, 0.514284)
(0.490955, 0.338162)
(0.491134, 0.721977)
(0.491559, 0.0708752)
(0.491595, 0.586686)
(0.492018, 0.0721472)
(0.49231, 0.117862)
(0.492626, 0.642336)
(0.492747, 0.913812)
(0.49287, 0.0556101)
(0.492999, 0.0345804)
(0.493507, 0.277535)
(0.493658, 0.111953)
(0.493942, 0.479112)
(0.49438, 0.492679)
(0.494408, 0.518541)
(0.494447, 0.857281)
(0.494491, 0.733674)
(0.495015, 0.98187)
(0.495147, 0.977455)
(0.495738, 0.276204)
(0.495951, 0.284635)
(0.495953, 0.754455)
(0.496104, 0.648645)
(0.49633, 0.971182)
(0.49635, 0.541883)
(0.496637, 0.421838)
(0.496723, 0.274328)
(0.496804, 0.58357)
(0.49702, 0.237894)
(0.49724, 0.946609)
(0.497352, 0.0989133)
(0.497656, 0.786504)
(0.498104, 0.270554)
(0.498624, 0.453357)
(0.499069, 0.305253)
(0.499345, 0.77388)
(0.49967, 0.199565)
(0.499906, 0.134746)
(0.500119, 0.786501)
(0.500668, 0.493395)
(0.500775, 0.582721)
(0.500845, 0.765008)
(0.501284, 0.799072)
(0.501888, 0.500864)
(0.502027, 0.737006)
(0.502169, 0.513945)
(0.502211, 0.453308)
(0.502738, 0.342175)
(0.502793, 0.00640007)
(0.503083, 0.957302)
(0.503648, 0.92125)
(0.503662, 0.798399)
(0.503855, 0.0787948)
(0.504127, 0.737347)
(0.504229, 0.800335)
(0.505113, 0.167858)
(0.505312, 0.741578)
(0.505323, 0.879815)
(0.505786, 0.862268)
(0.505923, 0.449132)
(0.505981, 0.40893)
(0.50621, 0.783344)
(0.506444, 0.478273)
(0.506642, 0.135653)
(0.506749, 0.151405)
(0.506838, 0.757756)
(0.506886, 0.446448)
(0.507253, 0.808224)
(0.507514, 0.048657)
(0.507636, 0.837368)
(0.507757, 0.989079)
(0.507799, 0.596608)
(0.507859, 0.965479)
(0.507946, 0.918788)
(0.508173, 0.734744)
(0.508517, 0.928853)
(0.508839, 0.871712)
(0.508904, 0.701913)
(0.509066, 0.816555)
(0.509092, 0.376913)
(0.50917, 0.431766)
(0.509207, 0.290866)
(0.509294, 0.487107)
(0.509352, 0.773536)
(0.509732, 0.142348)
(0.509797, 0.4421)
(0.509821, 0.466717)
(0.509995, 0.657669)
(0.51063, 0.231511)
(0.510673, 0.649756)
(0.510694, 0.597519)
(0.510738, 0.0496806)
(0.510988, 0.294281)
(0.511066, 0.986404)
(0.511132, 0.376048)
(0.51142, 0.304183)
(0.511496, 0.433504)
(0.511666, 0.90128)
(0.511765, 0.860541)
(0.512095, 0.191131)
(0.512126, 0.278976)
(0.512222, 0.943439)
(0.512359, 0.252167)
(0.512502, 0.108046)
(0.512702, 0.381755)
(0.512959, 0.275382)
(0.513403, 0.774431)
(0.513486, 0.989616)
(0.513499, 0.368063)
(0.513831, 0.3186)
(0.514025, 0.256234)
(0.514378, 0.629003)
(0.514416, 0.741389)
(0.514456, 0.385199)
(0.514572, 0.20298)
(0.514683, 0.651584)
(0.514993, 0.213228)
(0.515023, 0.766111)
(0.515065, 0.44059)
(0.515796, 0.993401)
(0.515945, 0.0215002)
(0.516146, 0.868924)
(0.516394, 0.290701)
(0.51703, 0.669014)
(0.517207, 0.263389)
(0.51744, 0.755996)
(0.517701, 0.972052)
(0.517737, 0.955735)
(0.518007, 0.416875)
(0.518255, 0.276523)
(0.518303, 0.912699)
(0.518609, 0.962174)
(0.518805, 0.614408)
(0.519734, 0.386325)
(0.519786, 0.0486747)
(0.519946, 0.493426)
(0.520263, 0.831961)
(0.520333, 0.4234)
(0.520663, 0.563659)
(0.520944, 0.833586)
(0.520947, 0.597764)
(0.521481, 0.555929)
(0.521653, 0.00225664)
(0.522167, 0.675072)
(0.522297, 0.870819)
(0.522325, 0.409299)
(0.522332, 0.154229)
(0.522466, 0.0840765)
(0.523106, 0.391994)
(0.523866, 0.021135)
(0.52403, 0.969916)
(0.524236, 0.767047)
(0.52429, 0.0462729)
(0.524968, 0.394519)
(0.52503, 0.25678)
(0.525136, 0.259249)
(0.52548, 0.200909)
(0.525661, 0.775815)
(0.525814, 0.622435)
(0.525833, 0.36965)
(0.525882, 0.800181)
(0.525924, 0.828753)
(0.526048, 0.61119)
(0.52605, 0.618918)
(0.527526, 0.404292)
(0.527895, 0.170683)
(0.528063, 0.412424)
(0.528402, 0.444766)
(0.528587, 0.256516)
(0.528714, 0.288753)
(0.52895, 0.744763)
(0.528978, 0.90671)
(0.529569, 0.670707)
(0.529741, 0.261872)
(0.529779, 0.256284)
(0.529813, 0.809998)
(0.530789, 0.690898)
(0.531486, 0.836753)
(0.531583, 0.331915)
(0.531802, 0.724924)
(0.531897, 0.31451)
(0.532097, 0.711381)
(0.532122, 0.672712)
(0.53269, 0.266976)
(0.533095, 0.781751)
(0.533102, 0.618554)
(0.53352, 0.652124)
(0.533784, 0.938298)
(0.533868, 0.409955)
(0.533921, 0.177329)
(0.534434, 0.620237)
(0.534514, 0.70639)
(0.534562, 0.585203)
(0.534741, 0.332918)
(0.53482, 0.529306)
(0.535339, 0.724629)
(0.535404, 0.0332379)
(0.535448, 0.770246)
(0.535522, 0.632597)
(0.535734, 0.0590307)
(0.535794, 0.744063)
(0.536112, 0.513782)
(0.536312, 0.163553)
(0.536923, 0.603831)
(0.537105, 0.516086)
(0.537329, 0.273819)
(0.537538, 0.478889)
(0.537549, 0.300775)
(0.537584, 0.0254909)
(0.537744, 0.400004)
(0.537807, 0.0737882)
(0.538169, 0.268175)
(0.538247, 0.0851247)
(0.538418, 0.778776)
(0.538812, 0.0577196)
(0.538854, 0.231712)
(0.538875, 0.896814)
(0.53889, 0.561893)
(0.53914, 0.683068)
(0.539332, 0.684704)
(0.539622, 0.343922)
(0.539834, 0.403143)
(0.540067, 0.325872)
(0.540396, 0.256258)
(0.540581, 0.272541)
(0.540717, 0.748055)
(0.541276, 0.826129)
(0.54138, 0.0574357)
(0.541384, 0.307378)
(0.541427, 0.580482)
(0.541884, 0.0671688)
(0.542167, 0.816291)
(0.542426, 0.0539138)
(0.542455, 0.0270415)
(0.542497, 0.264351)
(0.542636, 0.921448)
(0.542903, 0.053934)
(0.543088, 0.495511)
(0.54429, 0.233514)
(0.54431, 0.656947)
(0.544586, 0.0390928)
(0.544591, 0.363484)
(0.544889, 0.256436)
(0.545256, 0.909607)
(0.545412, 0.148497)
(0.545751, 0.647796)
(0.546665, 0.586809)
(0.546995, 0.205741)
(0.547026, 0.301625)
(0.547175, 0.95724)
(0.547245, 0.0540807)
(0.547497, 0.356705)
(0.547515, 0.937909)
(0.547531, 0.609364)
(0.547595, 0.656169)
(0.547765, 0.730511)
(0.547816, 0.987733)
(0.547932, 0.602768)
(0.548098, 0.81059)
(0.548175, 0.806925)
(0.548458, 0.534508)
(0.548486, 0.0730242)
(0.548646, 0.458153)
(0.54865, 0.0510242)
(0.548792, 0.364275)
(0.548905, 0.025817)
(0.549367, 0.712298)
(0.549895, 0.451242)
(0.55026, 0.263283)
(0.550657, 0.480606)
(0.551149, 0.779734)
(0.551487, 0.485836)
(0.551721, 0.510933)
(0.55194, 0.651497)
(0.551956, 0.871758)
(0.552106, 0.849901)
(0.552119, 0.749482)
(0.552623, 0.109528)
(0.552678, 0.695183)
(0.552769, 0.995168)
(0.553802, 0.469529)
(0.55392, 0.392683)
(0.553974, 0.307278)
(0.554271, 0.518417)
(0.554383, 0.655406)
(0.554493, 0.163089)
(0.554499, 0.41428)
(0.554797, 0.437745)
(0.554909, 0.885566)
(0.555296, 0.951385)
(0.555554, 0.836645)
(0.555572, 0.571292)
(0.556599, 0.99476)
(0.556654, 0.708793)
(0.556739, 0.355912)
(0.556795, 0.740599)
(0.55683, 0.464937)
(0.556979, 0.00955635)
(0.557316, 0.579417)
(0.558042, 0.829362)
(0.558149, 0.694268)
(0.559326, 0.266691)
(0.559982, 0.402901)
(0.560234, 0.872808)
(0.560285, 0.0397612)
(0.560594, 0.242328)
(0.560608, 0.940573)
(0.560796, 0.621856)
(0.561096, 0.652419)
(0.561215, 0.304013)
(0.561439, 0.02137)
(0.561718, 0.822689)
(0.561796, 0.0648021)
(0.562614, 0.16446)
(0.563321, 0.124057)
(0.563478, 0.719902)
(0.564446, 0.385097)
(0.56467, 0.550834)
(0.564689, 0.181192)
(0.564818, 0.183428)
(0.565225, 0.919179)
(0.565632, 0.761362)
(0.565734, 0.0103289)
(0.565848, 0.103375)
(0.56592, 0.494821)
(0.565962, 0.593177)
(0.56616, 0.452969)
(0.56645, 0.688852)
(0.566694, 0.0244631)
(0.566937, 0.896093)
(0.566997, 0.954463)
(0.567423, 0.577314)
(0.567614, 0.100835)
(0.568906, 0.317418)
(0.568967, 0.243668)
(0.569172, 0.965442)
(0.5697, 0.945355)
(0.569785, 0.0245683)
(0.570449, 0.192917)
(0.570674, 0.376209)
(0.570848, 0.213121)
(0.571014, 0.33547)
(0.571131, 0.110945)
(0.57138, 0.303769)
(0.571484, 0.0526728)
(0.571956, 0.0199711)
(0.572293, 0.444425)
(0.572809, 0.394168)
(0.573188, 0.22805)
(0.573306, 0.872326)
(0.573734, 0.594415)
(0.574042, 0.89321)
(0.574182, 0.536816)
(0.574383, 0.329725)
(0.574816, 0.0429432)
(0.574863, 0.0693808)
(0.575066, 0.35209)
(0.575147, 0.172662)
(0.575658, 0.146978)
(0.576217, 0.0267567)
(0.57628, 0.652397)
(0.576433, 0.239811)
(0.57651, 0.597189)
(0.576918, 0.471064)
(0.57706, 0.829096)
(0.577177, 0.912721)
(0.577332, 0.137454)
(0.57743, 0.535138)
(0.577547, 0.298035)
(0.578105, 0.271763)
(0.578478, 0.728137)
(0.578571, 0.902904)
(0.57879, 0.286873)
(0.579071, 0.0372515)
(0.580157, 0.632307)
(0.580344, 0.739354)
(0.580733, 0.766363)
(0.580894, 0.482564)
(0.58131, 0.888574)
(0.581323, 0.20793)
(0.581709, 0.807852)
(0.581717, 0.818745)
(0.582442, 0.225591)
(0.582549, 0.967028)
(0.582556, 0.119864)
(0.582614, 0.700736)
(0.583373, 0.628347)
(0.584091, 0.898622)
(0.584132, 0.261535)
(0.584874, 0.889436)
(0.585025, 0.291868)
(0.585282, 0.119162)
(0.585295, 0.932094)
(0.585489, 0.193213)
(0.586226, 0.189524)
(0.586235, 0.216562)
(0.58652, 0.0640414)
(0.58672, 0.940681)
(0.586729, 0.659738)
(0.586762, 0.904569)
(0.586789, 0.417761)
(0.586991, 0.407233)
(0.587334, 0.0970315)
(0.587335, 0.0636308)
(0.587434, 0.516565)
(0.587647, 0.314577)
(0.588486, 0.642063)
(0.588886, 0.0365461)
(0.589469, 0.0832256)
(0.58965, 0.742667)
(0.590086, 0.428483)
(0.59053, 0.466393)
(0.590876, 0.83746)
(0.591131, 0.489537)
(0.591132, 0.112831)
(0.591402, 0.0768579)
(0.591445, 0.498587)
(0.591627, 0.379169)
(0.592034, 0.805937)
(0.592869, 0.130878)
(0.593235, 0.265075)
(0.593907, 0.0362443)
(0.59413, 0.698036)
(0.59424, 0.212703)
(0.594306, 0.399)
(0.594395, 0.120569)
(0.5946, 0.961593)
(0.594698, 0.176218)
(0.5949, 0.28542)
(0.594984, 0.690185)
(0.595483, 0.795743)
(0.595555, 0.348192)
(0.596079, 0.687029)
(0.596447, 0.0327958)
(0.596602, 0.504654)
(0.596906, 0.669016)
(0.597175, 0.0411946)
(0.597633, 0.118147)
(0.597995, 0.681392)
(0.59801, 0.907458)
(0.59835, 0.988729)
(0.599058, 0.35576)
(0.59941, 0.948995)
(0.599988, 0.506953)
(0.60037, 0.688893)
(0.600618, 0.818537)
(0.601877, 0.949298)
(0.602186, 0.775015)
(0.602867, 0.86366)
(0.602914, 0.193286)
(0.603483, 0.915836)
(0.603585, 0.621044)
(0.603618, 0.381727)
(0.603642, 0.42838)
(0.604406, 0.0172946)
(0.604548, 0.940383)
(0.604889, 0.979618)
(0.604902, 0.341277)
(0.605178, 0.868152)
(0.605264, 0.249185)
(0.605498, 0.520007)
(0.605701, 0.290894)
(0.605961, 0.768176)
(0.606109, 0.0465872)
(0.607168, 0.350148)
(0.607269, 0.492615)
(0.607537, 0.864131)
(0.608106, 0.830575)
(0.608402, 0.0402695)
(0.608503, 0.920786)
(0.608582, 0.182292)
(0.608811, 0.832344)
(0.6099, 0.0858973)
(0.610038, 0.457641)
(0.610141, 0.231131)
(0.610992, 0.165658)
(0.611653, 0.724709)
(0.611863, 0.336303)
(0.612704, 0.129199)
(0.612907, 0.67224)
(0.612944, 0.645964)
(0.612971, 0.994278)
(0.613124, 0.17643)
(0.613152, 0.95497)
(0.613473, 0.695893)
(0.613678, 0.554725)
(0.613891, 0.113011)
(0.614519, 0.783338)
(0.614543, 0.227631)
(0.614606, 0.709719)
(0.615267, 0.668381)
(0.615328, 0.104013)
(0.615357, 0.398288)
(0.61601, 0.02837)
(0.616512, 0.269888)
(0.616518, 0.878741)
(0.616679, 0.894197)
(0.616921, 0.712241)
(0.61723, 0.856201)
(0.618428, 0.426536)
(0.618636, 0.0429035)
(0.618699, 0.422962)
(0.618969, 0.861274)
(0.618976, 0.35857)
(0.61956, 0.00416156)
(0.619822, 0.565538)
(0.619909, 0.799498)
(0.620271, 0.263546)
(0.620372, 0.420347)
(0.620772, 0.616093)
(0.621545, 0.227712)
(0.621638, 0.170191)
(0.621655, 0.472286)
(0.621672, 0.557593)
(0.62215, 0.818982)
(0.622315, 0.506768)
(0.622507, 0.694789)
(0.622647, 0.262059)
(0.62272, 0.198022)
(0.623117, 0.302569)
(0.62328, 0.88824)
(0.623529, 0.0717214)
(0.623582, 0.465866)
(0.623877, 0.858295)
(0.623919, 0.499719)
(0.624214, 0.895069)
(0.624771, 0.390372)
(0.624783, 0.158166)
(0.625259, 0.209106)
(0.625329, 0.0473387)
(0.625866, 0.406556)
(0.627207, 0.93589)
(0.627432, 0.170576)
(0.627476, 0.531225)
(0.628242, 0.0052299)
(0.628285, 0.881021)
(0.628286, 0.356064)
(0.628409, 0.0571477)
(0.628757, 0.834688)
(0.62877, 0.473373)
(0.629048, 0.184189)
(0.630034, 0.246034)
(0.630298, 0.590838)
(0.63059, 0.565863)
(0.630779, 0.973191)
(0.630829, 0.674237)
(0.631013, 0.534261)
(0.631138, 0.501622)
(0.631465, 0.532076)
(0.631797, 0.285721)
(0.632514, 0.174161)
(0.633118, 0.664095)
(0.63314, 0.264457)
(0.633323, 0.664169)
(0.633649, 0.767064)
(0.633719, 0.0364517)
(0.633843, 0.353374)
(0.633868, 0.400913)
(0.634176, 0.978586)
(0.634324, 0.469235)
(0.634909, 0.23902)
(0.63525, 0.661969)
(0.635286, 0.796871)
(0.635474, 0.535696)
(0.635644, 0.0544366)
(0.635736, 0.451324)
(0.636212, 0.0925656)
(0.636558, 0.0800996)
(0.636797, 0.301433)
(0.637011, 0.229119)
(0.637062, 0.490448)
(0.637176, 0.905685)
(0.637295, 0.126021)
(0.637758, 0.27884)
(0.637806, 0.52008)
(0.638367, 0.613002)
(0.638807, 0.0146086)
(0.639307, 0.739099)
(0.639635, 0.92649)
(0.639663, 0.788105)
(0.640112, 0.0574481)
(0.640505, 0.786748)
(0.640552, 0.178347)
(0.640826, 0.426893)
(0.64083, 0.564782)
(0.641088, 0.129469)
(0.641353, 0.589725)
(0.641412, 0.431331)
(0.641543, 0.926761)
(0.641704, 0.932503)
(0.64235, 0.676024)
(0.642591, 0.522921)
(0.642776, 0.275442)
(0.642853, 0.209755)
(0.642928, 0.994411)
(0.642972, 0.522542)
(0.643019, 0.816761)
(0.643033, 0.515311)
(0.643057, 0.946712)
(0.643119, 0.0152605)
(0.644477, 0.103653)
(0.644571, 0.600811)
(0.645693, 0.221676)
(0.645781, 0.190801)
(0.645892, 0.956475)
(0.645954, 0.681566)
(0.645984, 0.99112)
(0.646254, 0.429097)
(0.646267, 0.231666)
(0.646348, 0.4377)
(0.64641, 0.879515)
(0.646442, 0.259202)
(0.646473, 0.566844)
(0.64671, 0.36988)
(0.647064, 0.441676)
(0.647396, 0.894791)
(0.64748, 0.67836)
(0.647707, 0.137667)
(0.64782, 0.49371)
(0.64789, 0.329403)
(0.648286, 0.637119)
(0.64854, 0.169369)
(0.648847, 0.658802)
(0.649047, 0.559187)
(0.649077, 0.182562)
(0.649097, 0.874412)
(0.64917, 0.439427)
(0.64918, 0.784516)
(0.649394, 0.317453)
(0.649782, 0.760763)
(0.649863, 0.587138)
(0.650198, 0.424062)
(0.650224, 0.130226)
(0.650284, 0.806595)
(0.650465, 0.976478)
(0.651255, 0.139367)
(0.6516, 0.749676)
(0.651668, 0.0731547)
(0.651676, 0.571764)
(0.651962, 0.549202)
(0.65207, 0.922666)
(0.652262, 0.828642)
(0.652365, 0.976345)
(0.652602, 0.128895)
(0.652637, 0.741972)
(0.653019, 0.814323)
(0.653027, 0.295193)
(0.653228, 0.128795)
(0.653299, 0.440546)
(0.653349, 0.77552)
(0.653638, 0.187949)
(0.65403, 0.466242)
(0.654148, 0.402859)
(0.654545, 0.150897)
(0.654561, 0.531453)
(0.655537, 0.437443)
(0.655623, 0.60507)
(0.655703, 0.961307)
(0.65573, 0.934762)
(0.656079, 0.235678)
(0.656128, 0.0257096)
(0.656327, 0.780317)
(0.656423, 0.105611)
(0.656632, 0.0543639)
(0.656642, 0.599874)
(0.657119, 0.0138512)
(0.657439, 0.0160451)
(0.657541, 0.612128)
(0.657808, 0.691958)
(0.657821, 0.602723)
(0.657996, 0.686146)
(0.658103, 0.144265)
(0.658307, 0.510261)
(0.658459, 0.848088)
(0.658466, 0.734699)
(0.658753, 0.145914)
(0.659224, 0.0597331)
(0.659543, 0.287346)
(0.660016, 0.504831)
(0.660306, 0.808703)
(0.660416, 0.28171)
(0.66046, 0.899463)
(0.660608, 0.187916)
(0.660735, 0.270241)
(0.660915, 0.616733)
(0.66104, 0.125335)
(0.661184, 0.931182)
(0.661741, 0.513232)
(0.661849, 0.353754)
(0.661879, 0.00545651)
(0.661903, 0.664292)
(0.662678, 0.83584)
(0.662796, 0.373114)
(0.663268, 0.261025)
(0.663545, 0.609831)
(0.663794, 0.837905)
(0.664299, 0.777023)
(0.664307, 0.89321)
(0.664336, 0.442054)
(0.664896, 0.450957)
(0.665147, 0.783695)
(0.665569, 0.331315)
(0.665759, 0.452724)
(0.66576, 0.750313)
(0.665915, 0.52289)
(0.666009, 0.334063)
(0.666261, 0.389559)
(0.666519, 0.426542)
(0.666523, 0.625021)
(0.667124, 0.470828)
(0.667181, 0.973688)
(0.66727, 0.516976)
(0.667294, 0.557824)
(0.667712, 0.649025)
(0.668249, 0.62766)
(0.668403, 0.566902)
(0.66842, 0.0726644)
(0.668469, 0.956349)
(0.668524, 0.267328)
(0.669032, 0.90125)
(0.669299, 0.689195)
(0.669332, 0.633774)
(0.669391, 0.171756)
(0.669661, 0.0441422)
(0.669958, 0.819587)
(0.670066, 0.160668)
(0.670117, 0.570466)
(0.670163, 0.150781)
(0.67035, 0.638989)
(0.670528, 0.747245)
(0.670678, 0.822925)
(0.671157, 0.788628)
(0.671658, 0.418927)
(0.671763, 0.423852)
(0.671853, 0.0419249)
(0.67231, 0.992843)
(0.672336, 0.786226)
(0.672394, 0.82414)
(0.672421, 0.924582)
(0.673179, 0.816827)
(0.673281, 0.989923)
(0.673337, 0.269578)
(0.673468, 0.692042)
(0.673496, 0.720438)
(0.673938, 0.476477)
(0.674152, 0.55523)
(0.674632, 0.244148)
(0.674686, 0.316307)
(0.674798, 0.538151)
(0.674913, 0.826687)
(0.674982, 0.18561)
(0.675045, 0.767431)
(0.675394, 0.536957)
(0.675404, 0.583308)
(0.675654, 0.535159)
(0.67567, 0.00700372)
(0.676031, 0.379205)
(0.676367, 0.835594)
(0.676742, 0.24061)
(0.676905, 0.699287)
(0.677285, 0.841398)
(0.677321, 0.509218)
(0.677407, 0.936273)
(0.677617, 0.672213)
(0.678029, 0.573579)
(0.678836, 0.107268)
(0.678907, 0.581793)
(0.678941, 0.114336)
(0.679525, 0.70096)
(0.679685, 0.060057)
(0.679759, 0.172589)
(0.680027, 0.247632)
(0.680329, 0.00461182)
(0.680345, 0.79692)
(0.680792, 0.0155951)
(0.681602, 0.419422)
(0.681646, 0.445682)
(0.682126, 0.141354)
(0.682544, 0.0312616)
(0.682551, 0.572757)
(0.683005, 0.687857)
(0.683647, 0.372848)
(0.683871, 0.968848)
(0.684015, 0.413017)
(0.684056, 0.443765)
(0.684167, 0.25684)
(0.684502, 0.0665143)
(0.684877, 0.292099)
(0.68533, 0.860638)
(0.686524, 0.946598)
(0.686877, 0.254782)
(0.68713, 0.456655)
(0.687358, 0.467872)
(0.687682, 0.743098)
(0.687721, 0.651063)
(0.687983, 0.24417)
(0.688065, 0.0973869)
(0.688198, 0.256879)
(0.688241, 0.349879)
(0.688467, 0.378714)
(0.688877, 0.172309)
(0.689349, 0.756283)
(0.689392, 0.988114)
(0.689397, 0.57948)
(0.689468, 0.429376)
(0.689585, 0.139967)
(0.690026, 0.412928)
(0.690393, 0.800981)
(0.690898, 0.820246)
(0.69093, 0.559256)
(0.69095, 0.244413)
(0.691008, 0.432094)
(0.691778, 0.632865)
(0.692025, 0.375626)
(0.692378, 0.112547)
(0.692753, 0.168872)
(0.693117, 0.314912)
(0.693303, 0.994502)
(0.693379, 0.0166732)
(0.693911, 0.100126)
(0.694253, 0.591134)
(0.694576, 0.798838)
(0.694632, 0.933003)
(0.695094, 0.747954)
(0.695204, 0.829552)
(0.695396, 0.359156)
(0.695652, 0.899758)
(0.696021, 0.771135)
(0.696625, 0.405963)
(0.6974, 0.17009)
(0.697439, 0.248501)
(0.697682, 0.0100403)
(0.69804, 0.0999713)
(0.698178, 0.181782)
(0.698251, 0.274735)
(0.698611, 0.113703)
(0.698622, 0.481555)
(0.699326, 0.025357)
(0.699348, 0.142714)
(0.699734, 0.325037)
(0.699822, 0.806216)
(0.700042, 0.96306)
(0.700612, 0.941234)
(0.700898, 0.33818)
(0.701308, 0.591178)
(0.701448, 0.0212008)
(0.701915, 0.0389251)
(0.70202, 0.310527)
(0.70211, 0.808791)
(0.702784, 0.443163)
(0.702902, 0.238533)
(0.70331, 0.299217)
(0.703376, 0.0143649)
(0.703417, 0.793886)
(0.70353, 0.0646677)
(0.703859, 0.0513479)
(0.703996, 0.360368)
(0.704198, 0.202062)
(0.704392, 0.560086)
(0.704532, 0.624771)
(0.704666, 0.951517)
(0.704749, 0.0145897)
(0.705455, 0.925034)
(0.705472, 0.0801891)
(0.705958, 0.125623)
(0.706151, 0.8361)
(0.706189, 0.266256)
(0.706519, 0.920893)
(0.706693, 0.0668241)
(0.70675, 0.840981)
(0.706952, 0.658522)
(0.707076, 0.990618)
(0.707275, 0.64839)
(0.70733, 0.189896)
(0.707474, 0.573734)
(0.707521, 0.692262)
(0.707631, 0.0818834)
(0.707703, 0.0184573)
(0.70777, 0.167422)
(0.707877, 0.538001)
(0.709042, 0.112621)
(0.709079, 0.596497)
(0.709158, 0.46167)
(0.709206, 0.559851)
(0.709858, 0.529226)
(0.710227, 0.321161)
(0.710276, 0.766891)
(0.710363, 0.0740511)
(0.71055, 0.625488)
(0.710929, 0.29864)
(0.711041, 0.572915)
(0.711335, 0.494752)
(0.711505, 0.595707)
(0.711516, 0.525502)
(0.711562, 0.944156)
(0.71164, 0.453408)
(0.711671, 0.7001)
(0.711724, 0.0308178)
(0.7127, 0.714335)
(0.712837, 0.229443)
(0.713141, 0.360765)
(0.713304, 0.954573)
(0.713737, 0.519772)
(0.713738, 0.789785)
(0.714119, 0.657809)
(0.714382, 0.592759)
(0.714602, 0.599058)
(0.714833, 0.0134392)
(0.71511, 0.54352)
(0.715787, 0.297899)
(0.716158, 0.756474)
(0.716541, 0.570755)
(0.716857, 0.2543)
(0.717163, 0.404703)
(0.71727, 0.179935)
(0.717347, 0.783481)
(0.717491, 0.33828)
(0.717553, 0.838871)
(0.717711, 0.386958)
(0.717966, 0.496417)
(0.718515, 0.315172)
(0.718725, 0.557444)
(0.71876, 0.867376)
(0.719087, 0.0325062)
(0.71968, 0.628411)
(0.719716, 0.399253)
(0.719948, 0.387141)
(0.72028, 0.287399)
(0.720685, 0.812451)
(0.720814, 0.329817)
(0.720966, 0.175733)
(0.721131, 0.254029)
(0.721449, 0.12024)
(0.721667, 0.434697)
(0.721926, 0.0778211)
(0.722059, 0.571993)
(0.722089, 0.945189)
(0.72216, 0.873699)
(0.722216, 0.648399)
(0.722451, 0.345422)
(0.722932, 0.692317)
(0.723286, 0.419484)
(0.723496, 0.332275)
(0.724022, 0.921132)
(0.724178, 0.260178)
(0.72463, 0.480893)
(0.724871, 0.416356)
(0.724994, 0.152895)
(0.725222, 0.256229)
(0.72538, 0.735224)
(0.726101, 0.65088)
(0.726267, 0.0128651)
(0.726367, 0.0241576)
(0.726386, 0.13147)
(0.726814, 0.0829174)
(0.72724, 0.830456)
(0.727724, 0.0305217)
(0.728601, 0.775156)
(0.728759, 0.411947)
(0.72886, 0.302614)
(0.729268, 0.0605306)
(0.729768, 0.0787085)
(0.729974, 0.66924)
(0.7303, 0.358599)
(0.730386, 0.189376)
(0.730474, 0.538633)
(0.730809, 0.203947)
(0.731182, 0.692609)
(0.731182, 0.893928)
(0.731555, 0.337669)
(0.731686, 0.878435)
(0.732022, 0.24284)
(0.732094, 0.139302)
(0.732293, 0.0484575)
(0.732985, 0.67354)
(0.733056, 0.372084)
(0.733156, 0.198539)
(0.733413, 0.894081)
(0.733512, 0.55515)
(0.73357, 0.223631)
(0.733612, 0.894724)
(0.733663, 0.752312)
(0.733861, 0.798889)
(0.733936, 0.667734)
(0.734045, 0.64672)
(0.734537, 0.301402)
(0.734581, 0.132005)
(0.734972, 0.904773)
(0.735141, 0.203122)
(0.735333, 0.0408419)
(0.735676, 0.3978)
(0.735877, 0.687264)
(0.736029, 0.595192)
(0.736076, 0.528131)
(0.736916, 0.546284)
(0.737193, 0.0207525)
(0.737384, 0.849263)
(0.737473, 0.61016)
(0.737769, 0.553104)
(0.738056, 0.130498)
(0.738153, 0.291068)
(0.738302, 0.0199182)
(0.738328, 0.0449262)
(0.738424, 0.487868)
(0.738469, 0.179536)
(0.73859, 0.322071)
(0.73922, 0.606839)
(0.740046, 0.652275)
(0.740119, 0.985963)
(0.740161, 0.432113)
(0.740374, 0.244487)
(0.740727, 0.0680188)
(0.741299, 0.616738)
(0.74272, 0.763826)
(0.743024, 0.256146)
(0.743287, 0.384723)
(0.743353, 0.601458)
(0.743419, 0.977466)
(0.74355, 0.195089)
(0.743664, 0.630204)
(0.743902, 0.207582)
(0.744124, 0.990516)
(0.744131, 0.726564)
(0.744596, 0.427052)
(0.745856, 0.106277)
(0.746363, 0.25234)
(0.746367, 0.221882)
(0.746369, 0.0445128)
(0.746695, 0.906523)
(0.746795, 0.15241)
(0.746976, 0.148035)
(0.747462, 0.201258)
(0.747725, 0.642857)
(0.748077, 0.301383)
(0.748468, 0.401869)
(0.748532, 0.876736)
(0.748871, 0.826983)
(0.749408, 0.42557)
(0.750781, 0.929371)
(0.750798, 0.711854)
(0.751074, 0.928917)
(0.75108, 0.654317)
(0.751154, 0.415192)
(0.751396, 0.756525)
(0.751507, 0.630944)
(0.751522, 0.565006)
(0.751565, 0.375002)
(0.751702, 0.487389)
(0.751744, 0.594774)
(0.752272, 0.195957)
(0.752351, 0.415125)
(0.752729, 0.283632)
(0.752864, 0.0125714)
(0.752974, 0.691648)
(0.75312, 0.889346)
(0.753219, 0.477971)
(0.753347, 0.611407)
(0.753381, 0.0842609)
(0.753485, 0.650868)
(0.753829, 0.463461)
(0.753991, 0.330941)
(0.754096, 0.538145)
(0.754186, 0.248658)
(0.754316, 0.0933652)
(0.754703, 0.277993)
(0.754712, 0.267971)
(0.754713, 0.163514)
(0.755246, 0.353439)
(0.75547, 0.992302)
(0.755629, 0.744079)
(0.755801, 0.697121)
(0.755958, 0.946747)
(0.7562, 0.489703)
(0.756288, 0.556528)
(0.756897, 0.818062)
(0.756913, 0.589504)
(0.757011, 0.0424468)
(0.757193, 0.623107)
(0.757421, 0.834998)
(0.757453, 0.710851)
(0.75768, 0.50321)
(0.757729, 0.554572)
(0.757763, 0.351901)
(0.757825, 0.948776)
(0.757998, 0.015903)
(0.758192, 0.295518)
(0.758396, 0.337342)
(0.758514, 0.822106)
(0.758613, 0.195376)
(0.758676, 0.155129)
(0.758755, 0.849003)
(0.758834, 0.266431)
(0.758839, 0.741328)
(0.758973, 0.468494)
(0.759505, 0.86375)
(0.759578, 0.135756)
(0.759612, 0.430803)
(0.759666, 0.535501)
(0.759808, 0.768649)
(0.759965, 0.73204)
(0.760153, 0.475343)
(0.760554, 0.386045)
(0.760921, 0.692071)
(0.761266, 0.730358)
(0.761716, 0.462486)
(0.76227, 0.42168)
(0.762386, 0.253939)
(0.762407, 0.167853)
(0.76249, 0.780732)
(0.762545, 0.396063)
(0.762609, 0.174275)
(0.762954, 0.177815)
(0.763065, 0.585572)
(0.763363, 0.0529515)
(0.764235, 0.368729)
(0.764269, 0.816593)
(0.764321, 0.438682)
(0.764367, 0.173222)
(0.764509, 0.928559)
(0.764592, 0.393494)
(0.764911, 0.456984)
(0.765244, 0.664713)
(0.765421, 0.527082)
(0.765579, 0.946089)
(0.765723, 0.164728)
(0.766178, 0.220383)
(0.766747, 0.54203)
(0.766943, 0.361831)
(0.767303, 0.53941)
(0.767505, 0.18631)
(0.767816, 0.26944)
(0.768032, 0.409945)
(0.768722, 0.794796)
(0.769175, 0.417248)
(0.769227, 0.622771)
(0.769587, 0.1377)
(0.769684, 0.712266)
(0.769706, 0.202814)
(0.770374, 0.364281)
(0.770543, 0.075684)
(0.770825, 0.828888)
(0.771021, 0.478474)
(0.771022, 0.165138)
(0.771054, 0.392035)
(0.771611, 0.349257)
(0.772163, 0.554001)
(0.772337, 0.796073)
(0.773552, 0.00175345)
(0.77356, 0.951673)
(0.773668, 0.771409)
(0.773768, 0.073954)
(0.773881, 0.432028)
(0.77438, 0.362721)
(0.774849, 0.894604)
(0.774932, 0.492146)
(0.77509, 0.857305)
(0.775116, 0.121994)
(0.775383, 0.640122)
(0.775394, 0.684468)
(0.7756, 0.4896)
(0.775674, 0.220258)
(0.776226, 0.0792513)
(0.776272, 0.53581)
(0.776379, 0.0944912)
(0.776517, 0.467892)
(0.776585, 0.317838)
(0.776772, 0.996134)
(0.777165, 0.837632)
(0.77782, 0.640609)
(0.777903, 0.34384)
(0.778004, 0.215309)
(0.778026, 0.118221)
(0.778142, 0.496866)
(0.77815, 0.603245)
(0.778458, 0.366111)
(0.778507, 0.878345)
(0.779037, 0.280762)
(0.779398, 0.173733)
(0.779613, 0.22467)
(0.779964, 0.243089)
(0.780039, 0.0996543)
(0.78029, 0.820533)
(0.780454, 0.507505)
(0.781092, 0.177903)
(0.781139, 0.554214)
(0.781208, 0.369823)
(0.781316, 0.942369)
(0.781381, 0.0785283)
(0.781831, 0.0056096)
(0.781904, 0.808953)
(0.782145, 0.220865)
(0.782343, 0.0644351)
(0.782372, 0.588998)
(0.782384, 0.520889)
(0.782436, 0.706809)
(0.782468, 0.655962)
(0.783172, 0.350378)
(0.783352, 0.0303965)
(0.783655, 0.64765)
(0.783776, 0.035736)
(0.783825, 0.842922)
(0.784309, 0.454103)
(0.784973, 0.278357)
(0.785126, 0.518822)
(0.785306, 0.797286)
(0.785468, 0.0864539)
(0.785595, 0.607913)
(0.785673, 0.971487)
(0.785691, 0.709982)
(0.785835, 0.595617)
(0.786386, 0.500116)
(0.786645, 0.562058)
(0.78675, 0.693279)
(0.78682, 0.532772)
(0.786946, 0.781092)
(0.787415, 0.71152)
(0.787436, 0.946065)
(0.78753, 0.0267442)
(0.78768, 0.58533)
(0.787853, 0.178803)
(0.788063, 0.0848088)
(0.788311, 0.908796)
(0.788848, 0.709757)
(0.789021, 0.495778)
(0.789295, 0.317219)
(0.789676, 0.820619)
(0.789813, 0.368889)
(0.790111, 0.502348)
(0.790178, 0.851119)
(0.790264, 0.760792)
(0.790304, 0.541773)
(0.790582, 0.388262)
(0.790808, 0.976675)
(0.790874, 0.953243)
(0.791009, 0.584602)
(0.791073, 0.536472)
(0.791476, 0.675679)
(0.791627, 0.747271)
(0.791764, 0.974806)
(0.792732, 0.109521)
(0.793279, 0.615121)
(0.794142, 0.430191)
(0.794465, 0.931431)
(0.795002, 0.419537)
(0.795071, 0.541266)
(0.795243, 0.422895)
(0.795503, 0.315155)
(0.796042, 0.499528)
(0.79625, 0.613785)
(0.797052, 0.0883034)
(0.797144, 0.585777)
(0.797532, 0.0859166)
(0.797569, 0.669822)
(0.797617, 0.109537)
(0.797633, 0.36439)
(0.79786, 0.714793)
(0.797975, 0.488867)
(0.798095, 0.0438326)
(0.798276, 0.915557)
(0.798365, 0.677176)
(0.799198, 0.505797)
(0.799533, 0.240078)
(0.799685, 0.798228)
(0.79993, 0.573769)
(0.800089, 0.416864)
(0.800135, 0.632656)
(0.800306, 0.120045)
(0.800327, 0.705763)
(0.800615, 0.077777)
(0.80111, 0.693856)
(0.801337, 0.0740359)
(0.801407, 0.442931)
(0.801507, 0.302651)
(0.802555, 0.511376)
(0.80308, 0.0602097)
(0.803183, 0.162711)
(0.803288, 0.23119)
(0.803329, 0.429864)
(0.803598, 0.127564)
(0.803728, 0.705166)
(0.803729, 0.609619)
(0.804131, 0.689345)
(0.804524, 0.611447)
(0.804742, 0.515832)
(0.805774, 0.201629)
(0.806137, 0.970037)
(0.806215, 0.639643)
(0.806224, 0.850648)
(0.806231, 0.270108)
(0.806348, 0.784057)
(0.80638, 0.848123)
(0.806945, 0.20186)
(0.807282, 0.794504)
(0.807701, 0.416242)
(0.807759, 0.635645)
(0.807813, 0.50775)
(0.807969, 0.754825)
(0.808158, 0.323378)
(0.80853, 0.732941)
(0.809199, 0.293419)
(0.8093, 0.794006)
(0.809323, 0.137508)
(0.809377, 0.238162)
(0.809798, 0.0535556)
(0.809805, 0.178976)
(0.810324, 0.494896)
(0.810358, 0.733741)
(0.810468, 0.0193684)
(0.810528, 0.627769)
(0.81116, 0.615705)
(0.811603, 0.949339)
(0.812174, 0.725106)
(0.812641, 0.757942)
(0.813586, 0.79502)
(0.813618, 0.260615)
(0.813712, 0.725611)
(0.813781, 0.694885)
(0.814263, 0.0715925)
(0.814637, 0.634979)
(0.814717, 0.906967)
(0.815051, 0.61484)
(0.815113, 0.394572)
(0.815268, 0.139992)
(0.81542, 0.916994)
(0.81574, 0.251003)
(0.816206, 0.0757963)
(0.816848, 0.554978)
(0.817189, 0.856421)
(0.817297, 0.296746)
(0.817444, 0.812548)
(0.817596, 0.45261)
(0.817605, 0.364338)
(0.81781, 0.181758)
(0.818868, 0.827183)
(0.819424, 0.842266)
(0.820483, 0.779617)
(0.821502, 0.668081)
(0.821574, 0.91981)
(0.821753, 0.36849)
(0.821911, 0.475475)
(0.822635, 0.931269)
(0.82284, 0.184201)
(0.822862, 0.839285)
(0.822953, 0.0845214)
(0.823369, 0.049435)
(0.824145, 0.200947)
(0.824348, 0.588834)
(0.824685, 0.550162)
(0.824705, 0.179753)
(0.82486, 0.448788)
(0.824873, 0.724142)
(0.825121, 0.118134)
(0.825258, 0.0975913)
(0.825496, 0.338458)
(0.826259, 0.0334788)
(0.826349, 0.072931)
(0.826933, 0.31104)
(0.827083, 0.819401)
(0.827787, 0.755224)
(0.827977, 0.610327)
(0.828351, 0.876293)
(0.82861, 0.948146)
(0.828772, 0.461169)
(0.829207, 0.159491)
(0.829406, 0.796728)
(0.830197, 0.976349)
(0.83065, 0.155769)
(0.830707, 0.201205)
(0.830743, 0.19402)
(0.830986, 0.00257934)
(0.831001, 0.777779)
(0.831046, 0.520139)
(0.831055, 0.00444607)
(0.831299, 0.105271)
(0.83174, 0.660211)
(0.831751, 0.0175236)
(0.83208, 0.783087)
(0.832551, 0.623823)
(0.832705, 0.372219)
(0.832722, 0.283485)
(0.832783, 0.0870845)
(0.833046, 0.643278)
(0.833146, 0.769362)
(0.833618, 0.0140086)
(0.833771, 0.571103)
(0.833857, 0.465609)
(0.833906, 0.995436)
(0.834164, 0.150935)
(0.834547, 0.16044)
(0.834575, 0.83912)
(0.835225, 0.951681)
(0.835442, 0.464009)
(0.835652, 0.820512)
(0.835808, 0.0375103)
(0.835899, 0.420241)
(0.836871, 0.885968)
(0.837161, 0.658695)
(0.837419, 0.477723)
(0.83765, 0.0989498)
(0.837833, 0.318668)
(0.837904, 0.752757)
(0.837998, 0.920152)
(0.838131, 0.825688)
(0.838189, 0.562963)
(0.838204, 0.00110013)
(0.838383, 0.673052)
(0.838693, 0.880027)
(0.838932, 0.236541)
(0.83908, 0.84688)
(0.839332, 0.507123)
(0.839438, 0.352505)
(0.839591, 0.747421)
(0.839776, 0.743737)
(0.840498, 0.0342391)
(0.840529, 0.379368)
(0.840546, 0.304017)
(0.840779, 0.476455)
(0.840865, 0.924305)
(0.840905, 0.527312)
(0.840965, 0.774249)
(0.841095, 0.157012)
(0.841099, 0.011018)
(0.841123, 0.191034)
(0.841155, 0.38341)
(0.841203, 0.0477827)
(0.841228, 0.368793)
(0.842124, 0.374045)
(0.842587, 0.788055)
(0.842723, 0.799488)
(0.842864, 0.184217)
(0.843042, 0.125695)
(0.843729, 0.475372)
(0.84388, 0.970868)
(0.843942, 0.47652)
(0.844137, 0.520789)
(0.844445, 0.111379)
(0.844483, 0.010648)
(0.844783, 0.936985)
(0.844998, 0.378609)
(0.845273, 0.686358)
(0.845834, 0.80355)
(0.845868, 0.395676)
(0.845955, 0.167847)
(0.845989, 0.903117)
(0.846061, 0.703037)
(0.846205, 0.251004)
(0.846256, 0.78535)
(0.846272, 0.459416)
(0.846292, 0.0517998)
(0.846377, 0.473865)
(0.847055, 0.207915)
(0.847265, 0.707144)
(0.847322, 0.634744)
(0.847631, 0.920043)
(0.847849, 0.174768)
(0.847904, 0.845662)
(0.848067, 0.354976)
(0.848978, 0.24863)
(0.849317, 0.329635)
(0.849358, 0.162927)
(0.850508, 0.320171)
(0.850715, 0.439484)
(0.850786, 0.042447)
(0.85157, 0.483202)
(0.85167, 0.222244)
(0.851785, 0.0135618)
(0.851972, 0.811979)
(0.852213, 0.360302)
(0.852655, 0.978714)
(0.852948, 0.576664)
(0.853084, 0.49118)
(0.853269, 0.425541)
(0.853366, 0.895071)
(0.853515, 0.749709)
(0.85378, 0.909693)
(0.853948, 0.109396)
(0.854145, 0.676276)
(0.854365, 0.87868)
(0.8544, 0.212007)
(0.854615, 0.0426984)
(0.854856, 0.714565)
(0.854906, 0.913856)
(0.855437, 0.342008)
(0.856507, 0.327756)
(0.857161, 0.735775)
(0.857378, 0.542286)
(0.857476, 0.528191)
(0.857486, 0.441449)
(0.857566, 0.0473629)
(0.859204, 0.717039)
(0.859224, 0.0317706)
(0.859471, 0.776677)
(0.860456, 0.809777)
(0.860557, 0.317535)
(0.860803, 0.570476)
(0.861174, 0.197364)
(0.862039, 0.850846)
(0.86209, 0.918181)
(0.862354, 0.816798)
(0.862362, 0.624307)
(0.862798, 0.613919)
(0.862858, 0.157335)
(0.862932, 0.71993)
(0.863312, 0.381985)
(0.863695, 0.00949442)
(0.863729, 0.369041)
(0.863773, 0.244734)
(0.863847, 0.845588)
(0.864186, 0.0494098)
(0.864255, 0.211721)
(0.864331, 0.874724)
(0.864452, 0.998201)
(0.866151, 0.976591)
(0.866194, 0.781168)
(0.866195, 0.0219439)
(0.866775, 0.347894)
(0.867201, 0.723821)
(0.867658, 0.558879)
(0.86781, 0.280809)
(0.86802, 0.846524)
(0.86829, 0.379658)
(0.86835, 0.81253)
(0.868422, 0.660943)
(0.868851, 0.00554121)
(0.870215, 0.945195)
(0.87061, 0.0114261)
(0.870772, 0.419716)
(0.87107, 0.662443)
(0.871171, 0.154842)
(0.871261, 0.511338)
(0.871327, 0.0269295)
(0.871331, 0.734599)
(0.871505, 0.537342)
(0.871646, 0.737848)
(0.871821, 0.994837)
(0.871965, 0.634905)
(0.872304, 0.211583)
(0.872479, 0.682825)
(0.872856, 0.28843)
(0.872985, 0.664059)
(0.873403, 0.0114414)
(0.873644, 0.311052)
(0.874283, 0.830867)
(0.874397, 0.759004)
(0.874451, 0.329518)
(0.874806, 0.743076)
(0.875077, 0.933599)
(0.875086, 0.569527)
(0.875122, 0.943791)
(0.875337, 0.0915164)
(0.875529, 0.308255)
(0.876387, 0.572055)
(0.87671, 0.208718)
(0.876736, 0.962596)
(0.877049, 0.0907652)
(0.877322, 0.571103)
(0.877374, 0.795777)
(0.877449, 0.961431)
(0.877616, 0.74805)
(0.877648, 0.667754)
(0.878023, 0.407828)
(0.878861, 0.94438)
(0.878923, 0.71247)
(0.879201, 0.18296)
(0.879566, 0.175631)
(0.8796, 0.683975)
(0.879777, 0.144855)
(0.879936, 0.0412797)
(0.880185, 0.775114)
(0.880516, 0.433895)
(0.880767, 0.822404)
(0.880951, 0.884718)
(0.880984, 0.459315)
(0.881201, 0.522961)
(0.881349, 0.883682)
(0.881373, 0.678823)
(0.881399, 0.281872)
(0.881474, 0.302342)
(0.881485, 0.249906)
(0.881612, 0.060952)
(0.881715, 0.692618)
(0.882183, 0.552804)
(0.882187, 0.726538)
(0.882823, 0.432898)
(0.883051, 0.870722)
(0.883144, 0.0387111)
(0.883778, 0.115949)
(0.884397, 0.588056)
(0.884452, 0.110905)
(0.884717, 0.774238)
(0.884845, 0.241332)
(0.885134, 0.187285)
(0.885145, 0.414483)
(0.885233, 0.439741)
(0.885303, 0.741838)
(0.885359, 0.626001)
(0.885629, 0.545179)
(0.885693, 0.531313)
(0.885735, 0.753708)
(0.885913, 0.249904)
(0.885988, 0.298153)
(0.886947, 0.0109803)
(0.887335, 0.18404)
(0.887397, 0.971258)
(0.88767, 0.98891)
(0.887875, 0.599345)
(0.887957, 0.0615478)
(0.888156, 0.363587)
(0.888293, 0.862649)
(0.888632, 0.608254)
(0.888773, 0.38538)
(0.888898, 0.647874)
(0.889297, 0.830652)
(0.889385, 0.293062)
(0.889508, 0.135316)
(0.889603, 0.138752)
(0.889991, 0.650307)
(0.890903, 0.915221)
(0.891191, 0.51365)
(0.891237, 0.558195)
(0.891679, 0.066759)
(0.891805, 0.0812476)
(0.891891, 0.0307395)
(0.892011, 0.201663)
(0.892216, 0.769338)
(0.893012, 0.744629)
(0.893182, 0.725966)
(0.893306, 0.917414)
(0.893542, 0.16577)
(0.894068, 0.331597)
(0.894386, 0.0753703)
(0.894872, 0.749636)
(0.895431, 0.931283)
(0.895508, 0.218245)
(0.895665, 0.885413)
(0.896067, 0.687234)
(0.896306, 0.316262)
(0.897287, 0.62631)
(0.897453, 0.776269)
(0.897456, 0.853131)
(0.897631, 0.587919)
(0.897649, 0.417256)
(0.897724, 0.0901078)
(0.897825, 0.694205)
(0.89793, 0.223398)
(0.898369, 0.00912142)
(0.899082, 0.188003)
(0.900438, 0.564206)
(0.900651, 0.597472)
(0.900965, 0.238035)
(0.901316, 0.521669)
(0.90166, 0.189564)
(0.90198, 0.304518)
(0.90204, 0.582033)
(0.902239, 0.501354)
(0.902316, 0.144896)
(0.902342, 0.4308)
(0.902353, 0.770839)
(0.902542, 0.311993)
(0.902691, 0.643092)
(0.902804, 0.713598)
(0.903023, 0.682408)
(0.903309, 0.510622)
(0.903533, 0.743466)
(0.904032, 0.0490005)
(0.904062, 0.706822)
(0.904091, 0.469244)
(0.904093, 0.321501)
(0.90435, 0.653091)
(0.905039, 0.354951)
(0.905283, 0.136435)
(0.905288, 0.514802)
(0.905362, 0.462691)
(0.905392, 0.171452)
(0.905507, 0.581711)
(0.905642, 0.132756)
(0.905831, 0.281727)
(0.906356, 0.190654)
(0.906708, 0.804022)
(0.906835, 0.641082)
(0.906894, 0.867556)
(0.907093, 0.397462)
(0.907173, 0.874664)
(0.907404, 0.671174)
(0.90742, 0.216408)
(0.907517, 0.185121)
(0.907539, 0.359172)
(0.908026, 0.499511)
(0.90813, 0.19363)
(0.908333, 0.316933)
(0.90839, 0.55355)
(0.908741, 0.170715)
(0.908853, 0.676766)
(0.908969, 0.422812)
(0.909059, 0.425575)
(0.909119, 0.101979)
(0.909207, 0.178433)
(0.909554, 0.092257)
(0.910132, 0.937127)
(0.910694, 0.0147928)
(0.910877, 0.627206)
(0.910978, 0.0872428)
(0.911287, 0.380744)
(0.911465, 0.641949)
(0.9115, 0.92862)
(0.912018, 0.329019)
(0.912021, 0.0651965)
(0.912218, 0.957507)
(0.912518, 0.503368)
(0.912553, 0.216466)
(0.912981, 0.476243)
(0.913326, 0.992736)
(0.913585, 0.774538)
(0.914496, 0.851755)
(0.914541, 0.60632)
(0.914725, 0.704708)
(0.914727, 0.330062)
(0.914978, 0.676251)
(0.91541, 0.787234)
(0.915521, 0.641242)
(0.915668, 0.859297)
(0.915716, 0.608865)
(0.916235, 0.129103)
(0.916267, 0.477929)
(0.916306, 0.0710156)
(0.916361, 0.330366)
(0.91671, 0.809454)
(0.917158, 0.246493)
(0.917561, 0.0975968)
(0.917744, 0.6356)
(0.917805, 0.29404)
(0.918598, 0.341529)
(0.918832, 0.961667)
(0.919024, 0.97847)
(0.919075, 0.342263)
(0.919093, 0.724068)
(0.919221, 0.467197)
(0.91931, 0.112218)
(0.91945, 0.77584)
(0.919662, 0.382852)
(0.919746, 0.931113)
(0.919907, 0.620541)
(0.920346, 0.412882)
(0.920413, 0.108725)
(0.92045, 0.576759)
(0.920514, 0.954289)
(0.92069, 0.0859987)
(0.92099, 0.182319)
(0.921487, 0.299511)
(0.921587, 0.20482)
(0.921733, 0.0907477)
(0.921917, 0.622717)
(0.922128, 0.10884)
(0.92221, 0.228183)
(0.922361, 0.593915)
(0.923042, 0.376346)
(0.923371, 0.268401)
(0.923784, 0.76581)
(0.923927, 0.592609)
(0.924561, 0.625079)
(0.924645, 0.89795)
(0.924931, 0.531018)
(0.924997, 0.585062)
(0.925894, 0.997621)
(0.925984, 0.610632)
(0.926049, 0.348283)
(0.926566, 0.31036)
(0.926831, 0.342128)
(0.927252, 0.263408)
(0.92728, 0.619009)
(0.92735, 0.0113394)
(0.927795, 0.892597)
(0.927915, 0.62554)
(0.928281, 0.86052)
(0.928858, 0.312201)
(0.928941, 0.358069)
(0.929104, 0.633632)
(0.929521, 0.304074)
(0.929833, 0.0123632)
(0.929932, 0.92451)
(0.930367, 0.0259137)
(0.930725, 0.0562388)
(0.930821, 0.352022)
(0.931076, 0.859645)
(0.931329, 0.461125)
(0.931691, 0.165404)
(0.931777, 0.397986)
(0.931853, 0.801981)
(0.931947, 0.20435)
(0.931966, 0.635316)
(0.932017, 0.556314)
(0.932101, 0.80076)
(0.932418, 0.776381)
(0.932752, 0.451063)
(0.93314, 0.767648)
(0.933501, 0.931077)
(0.933543, 0.554233)
(0.933589, 0.586816)
(0.933899, 0.972267)
(0.93407, 0.382072)
(0.934238, 0.54594)
(0.934889, 0.739881)
(0.935082, 0.0930233)
(0.935351, 0.847599)
(0.935455, 0.963814)
(0.936124, 0.48291)
(0.936744, 0.307818)
(0.936938, 0.0619244)
(0.937345, 0.656536)
(0.937386, 0.796697)
(0.937396, 0.863682)
(0.937404, 0.156863)
(0.937521, 0.876241)
(0.938068, 0.788771)
(0.938085, 0.156493)
(0.938654, 0.266936)
(0.938814, 0.52001)
(0.938945, 0.00750008)
(0.939286, 0.736665)
(0.939478, 0.322869)
(0.939648, 0.774077)
(0.939842, 0.540092)
(0.939884, 0.362945)
(0.940014, 0.31052)
(0.940334, 0.438655)
(0.940339, 0.748488)
(0.941489, 0.43748)
(0.941645, 0.454941)
(0.941935, 0.610763)
(0.942066, 0.842175)
(0.942086, 0.680944)
(0.94211, 0.627261)
(0.942163, 0.685722)
(0.942203, 0.897793)
(0.942839, 0.872265)
(0.942953, 0.224567)
(0.942955, 0.83471)
(0.943022, 0.819849)
(0.943169, 0.662864)
(0.943492, 0.019306)
(0.943815, 0.531041)
(0.943904, 0.428844)
(0.944318, 0.519457)
(0.94433, 0.0757901)
(0.944828, 0.911809)
(0.94506, 0.466082)
(0.9454, 0.0696226)
(0.9455, 0.854639)
(0.945704, 0.235057)
(0.945984, 0.493628)
(0.946144, 0.603977)
(0.946713, 0.366662)
(0.946741, 0.168067)
(0.946864, 0.968058)
(0.946982, 0.263291)
(0.946982, 0.863714)
(0.947344, 0.549284)
(0.947547, 0.821744)
(0.94796, 0.561241)
(0.948415, 0.515656)
(0.948913, 0.780514)
(0.949042, 0.359018)
(0.94908, 0.642544)
(0.949089, 0.716163)
(0.949102, 0.926149)
(0.94927, 0.90531)
(0.95015, 0.35132)
(0.950258, 0.840361)
(0.950259, 0.255709)
(0.950387, 0.407472)
(0.950556, 0.970969)
(0.950561, 0.141111)
(0.950773, 0.298786)
(0.951273, 0.365413)
(0.951616, 0.464155)
(0.951744, 0.814292)
(0.951971, 0.587909)
(0.952193, 0.885939)
(0.952211, 0.100731)
(0.952321, 0.753065)
(0.953008, 0.0505296)
(0.95309, 0.987961)
(0.953216, 0.555333)
(0.953247, 0.284286)
(0.953532, 0.446476)
(0.953648, 0.908799)
(0.954108, 0.0553929)
(0.954342, 0.287631)
(0.954659, 0.778514)
(0.954731, 0.733956)
(0.954781, 0.453415)
(0.9549, 0.73615)
(0.955115, 0.973183)
(0.955738, 0.782208)
(0.955789, 0.724678)
(0.955827, 0.0623313)
(0.95584, 0.338346)
(0.955965, 0.258037)
(0.956263, 0.160111)
(0.956458, 0.235349)
(0.956515, 0.144749)
(0.956649, 0.293463)
(0.9568, 0.161304)
(0.957008, 0.573174)
(0.95701, 0.976512)
(0.957505, 0.275104)
(0.957582, 0.416756)
(0.957694, 0.0382715)
(0.958052, 0.546216)
(0.958336, 0.169715)
(0.958748, 0.597841)
(0.959006, 0.66819)
(0.960441, 0.933421)
(0.960748, 0.202063)
(0.960828, 0.276901)
(0.960864, 0.645844)
(0.961194, 0.0414589)
(0.961549, 0.775346)
(0.961646, 0.385771)
(0.961814, 0.175181)
(0.961895, 0.676648)
(0.962262, 0.545826)
(0.96249, 0.668565)
(0.962658, 0.283102)
(0.962716, 0.876508)
(0.962817, 0.00622417)
(0.962842, 0.10731)
(0.963885, 0.457974)
(0.963894, 0.236459)
(0.964508, 0.10887)
(0.964674, 0.234014)
(0.964762, 0.32127)
(0.965209, 0.298257)
(0.965396, 0.701585)
(0.965477, 0.736363)
(0.965886, 0.88651)
(0.965936, 0.906888)
(0.96606, 0.0508414)
(0.966071, 0.470586)
(0.96619, 0.923808)
(0.96647, 0.995087)
(0.966608, 0.599794)
(0.966711, 0.675886)
(0.966799, 0.618364)
(0.967625, 0.271775)
(0.967838, 0.597052)
(0.967906, 0.389186)
(0.968092, 0.79822)
(0.968338, 0.258635)
(0.968459, 0.901368)
(0.968643, 0.235529)
(0.968788, 0.94668)
(0.968956, 0.653173)
(0.968982, 0.413765)
(0.96944, 0.883763)
(0.969657, 0.18841)
(0.970029, 0.71968)
(0.97023, 0.809055)
(0.970397, 0.511509)
(0.970586, 0.139999)
(0.970593, 0.649278)
(0.970819, 0.95538)
(0.970907, 0.277298)
(0.970969, 0.146487)
(0.971272, 0.105499)
(0.971315, 0.383892)
(0.972589, 0.623671)
(0.972961, 0.838402)
(0.972968, 0.32157)
(0.973337, 0.295323)
(0.973496, 0.10639)
(0.973519, 0.946544)
(0.973581, 0.957783)
(0.973634, 0.102225)
(0.97365, 0.0019927)
(0.973821, 0.707622)
(0.973894, 0.27594)
(0.97407, 0.82568)
(0.97507, 0.15523)
(0.975866, 0.535936)
(0.976434, 0.318168)
(0.976524, 0.553478)
(0.976765, 0.169102)
(0.97688, 0.853864)
(0.97727, 0.607568)
(0.977294, 0.930794)
(0.977367, 0.0270966)
(0.977696, 0.381496)
(0.978517, 0.698663)
(0.978888, 0.0367566)
(0.978921, 0.0379236)
(0.98044, 0.276054)
(0.980803, 0.533144)
(0.980816, 0.184748)
(0.981628, 0.510747)
(0.981816, 0.865897)
(0.981822, 0.956886)
(0.982009, 0.873626)
(0.982345, 0.200184)
(0.982368, 0.949142)
(0.982624, 0.404044)
(0.982725, 0.291615)
(0.982746, 0.986932)
(0.982897, 0.628328)
(0.983268, 0.132831)
(0.983279, 0.0101161)
(0.983451, 0.64851)
(0.983607, 0.552199)
(0.983629, 0.542393)
(0.983736, 0.912224)
(0.983923, 0.0687785)
(0.984311, 0.299807)
(0.984471, 0.811773)
(0.98498, 0.398677)
(0.985197, 0.894644)
(0.985687, 0.596412)
(0.985706, 0.956476)
(0.985911, 5.5074e-05)
(0.985931, 0.601971)
(0.986266, 0.886654)
(0.986433, 0.290296)
(0.986983, 0.379618)
(0.987208, 0.394943)
(0.987276, 0.82414)
(0.987346, 0.150717)
(0.987624, 0.477669)
(0.988029, 0.515529)
(0.988115, 0.576902)
(0.988158, 0.452119)
(0.988266, 0.969119)
(0.988277, 0.345612)
(0.988921, 0.871895)
(0.9891, 0.977347)
(0.989157, 0.394896)
(0.989717, 0.403833)
(0.989778, 0.967165)
(0.990202, 0.90407)
(0.9906, 0.200636)
(0.990964, 0.264367)
(0.991065, 0.354516)
(0.991329, 0.875725)
(0.991367, 0.0223891)
(0.992103, 0.0561479)
(0.992871, 0.364027)
(0.992977, 0.22445)
(0.993321, 0.824764)
(0.993501, 0.0265136)
(0.993905, 0.0419597)
(0.99403, 0.254871)
(0.994046, 0.515908)
(0.994257, 0.928714)
(0.994467, 0.804815)
(0.994592, 0.680188)
(0.994966, 0.95546)
(0.995092, 0.547891)
(0.995156, 0.334359)
(0.995313, 0.918445)
(0.995953, 0.442798)
(0.997118, 0.110874)
(0.997162, 0.535061)
(0.997403, 0.0784094)
(0.997641, 0.978298)
(0.997833, 0.0135662)
(0.997993, 0.221938)
(0.99817, 0.328552)
(0.998621, 0.639055)
(0.998671, 0.306847)
(0.998686, 0.372415)
(0.999274, 0.34861)
(0.999481, 0.455573)
(0.999663, 0.727441)