(0.000132362, 0.679514)
(0.000605286, 0.390312)
(0.00135253, 0.427853)
(0.00160943, 0.813763)
(0.0019608, 0.0399325)
(0.00206959, 0.853491)
(0.00213477, 0.196175)
(0.00215377, 0.731355)
(0.00257551, 0.814579)
(0.00341293, 0.456078)
(0.00345045, 0.940605)
(0.00382557, 0.83291)
(0.0045934, 0.646497)
(0.00530214, 0.67104)
(0.00635578, 0.86266)
(0.00659739, 0.659832)
(0.00695257, 0.049983)
(0.00709892, 0.602595)
(0.00746401, 0.917282)
(0.00749038, 0.0301612)
(0.00758723, 0.349706)
(0.0079133, 0.366732)
(0.00925357, 0.401666)
(0.0119008, 0.908438)
(0.0122389, 0.878471)
(0.012562, 0.12671)
(0.0134261, 0.543724)
(0.013618, 0.89895)
(0.0138678, 0.39853)
(0.0148161, 0.30623)
(0.0153411, 0.0812708)
(0.0155449, 0.724454)
(0.0157953, 0.00738213)
(0.017106, 0.193496)
(0.0184814, 0.191597)
(0.0188169, 0.669955)
(0.0192237, 0.620788)
(0.0203226, 0.848124)
(0.0207761, 0.385488)
(0.0209246, 0.60352)
(0.021644, 0.17974)
(0.0235161, 0.588941)
(0.0250631, 0.0509878)
(0.0256014, 0.25528)
(0.0259642, 0.0284434)
(0.0260574, 0.739533)
(0.0261683, 0.422405)
(0.0263303, 0.758224)
(0.0264185, 0.137079)
(0.0265451, 0.721776)
(0.0272182, 0.286254)
(0.0275157, 0.366536)
(0.028525, 0.194655)
(0.0286605, 0.260558)
(0.0290084, 0.719557)
(0.0290972, 0.800346)
(0.0300274, 0.222066)
(0.0307791, 0.346653)
(0.0308201, 0.862468)
(0.0318304, 0.336926)
(0.0329998, 0.0443214)
(0.0335481, 0.869839)
(0.0336465, 0.690542)
(0.0343726, 0.631807)
(0.0346609, 0.836843)
(0.0353754, 0.982174)
(0.0355969, 0.814147)
(0.035624, 0.826657)
(0.0360466, 0.234131)
(0.0376062, 0.386123)
(0.0376316, 0.847167)
(0.0378154, 0.377644)
(0.0389314, 0.380148)
(0.0392484, 0.0130922)
(0.0395107, 0.306592)
(0.0395246, 0.687892)
(0.0400127, 0.909868)
(0.0400356, 0.00719734)
(0.0407331, 0.532495)
(0.0416501, 0.358921)
(0.0417079, 0.766873)
(0.0419787, 0.276594)
(0.042434, 0.397407)
(0.0433999, 0.265319)
(0.0449311, 0.338575)
(0.0454224, 0.688584)
(0.0459278, 0.131227)
(0.0460241, 0.42773)
(0.0464092, 0.921056)
(0.0468434, 0.509969)
(0.0472238, 0.105261)
(0.0475589, 0.817565)
(0.0475715, 0.537519)
(0.0481132, 0.793695)
(0.048923, 0.615718)
(0.0491769, 0.963548)
(0.0511786, 0.0325681)
(0.0511839, 0.713069)
(0.0515038, 0.460751)
(0.0515208, 0.873392)
(0.0517534, 0.739649)
(0.0519217, 0.614423)
(0.0519785, 0.281959)
(0.0527184, 0.0574746)
(0.0539194, 0.928209)
(0.0540809, 0.623542)
(0.0546357, 0.684881)
(0.0549743, 0.123756)
(0.0559272, 0.235695)
(0.0561227, 0.689212)
(0.0561863, 0.301497)
(0.0564199, 0.838212)
(0.0566447, 0.618064)
(0.0572904, 0.490875)
(0.0592416, 0.994243)
(0.0593117, 0.32925)
(0.0599461, 0.715227)
(0.0602638, 0.37548)
(0.0606777, 0.0535294)
(0.0616833, 0.36516)
(0.0618801, 0.129008)
(0.0619518, 0.687188)
(0.0619593, 0.401541)
(0.0621851, 0.730359)
(0.0627156, 0.522403)
(0.0644847, 0.93449)
(0.0645015, 0.866115)
(0.0646173, 0.60493)
(0.064934, 0.671132)
(0.0656875, 0.411484)
(0.06576, 0.615222)
(0.0657675, 0.365941)
(0.0660344, 0.350788)
(0.0665302, 0.693145)
(0.0666514, 0.529076)
(0.0668702, 0.760378)
(0.0676336, 0.987816)
(0.0680509, 0.491376)
(0.0686724, 0.806745)
(0.0687269, 0.226024)
(0.0696326, 0.521765)
(0.0700217, 0.0506695)
(0.0700283, 0.140015)
(0.0700837, 0.881791)
(0.0701827, 0.897218)
(0.0705667, 0.394965)
(0.0710183, 0.793233)
(0.0710812, 0.596813)
(0.0721107, 0.0800922)
(0.072301, 0.242335)
(0.0723812, 0.0873519)
(0.0725244, 0.416989)
(0.0729278, 0.662295)
(0.0739639, 0.423787)
(0.0752202, 0.316371)
(0.075226, 0.95032)
(0.0753323, 0.532866)
(0.0753942, 0.994359)
(0.0757697, 0.930502)
(0.0768373, 0.643774)
(0.0771296, 0.744478)
(0.0771693, 0.212595)
(0.0776269, 0.594665)
(0.0784261, 0.847799)
(0.0801029, 0.530844)
(0.0801979, 0.0273346)
(0.0802126, 0.965152)
(0.0804534, 0.0624162)
(0.0807863, 0.371033)
(0.0816174, 0.593379)
(0.082406, 0.778907)
(0.0847124, 0.880541)
(0.0851388, 0.736048)
(0.085302, 0.287298)
(0.0859997, 0.0782317)
(0.0861024, 0.964801)
(0.0861626, 0.10088)
(0.0863259, 0.865117)
(0.0863797, 0.767748)
(0.087376, 0.284238)
(0.0875388, 0.136209)
(0.0877887, 0.0550898)
(0.0881053, 0.0568945)
(0.0883475, 0.521767)
(0.0889777, 0.208733)
(0.0891444, 0.659582)
(0.0895446, 0.190034)
(0.0901679, 0.520293)
(0.0915546, 0.549219)
(0.0918459, 0.369126)
(0.0930182, 0.192517)
(0.095381, 0.201393)
(0.0954047, 0.298298)
(0.0962615, 0.535205)
(0.0967628, 0.870823)
(0.0975989, 0.611437)
(0.0985224, 0.821798)
(0.099255, 0.94964)
(0.100117, 0.0250264)
(0.100475, 0.30446)
(0.101278, 0.322708)
(0.102296, 0.65483)
(0.103313, 0.416088)
(0.103438, 0.517631)
(0.103536, 0.571632)
(0.103772, 0.745524)
(0.105496, 0.399679)
(0.105598, 0.507612)
(0.105836, 0.0723699)
(0.105877, 0.564939)
(0.106644, 0.433636)
(0.106647, 0.796602)
(0.107024, 0.185427)
(0.107053, 0.964478)
(0.107348, 0.326855)
(0.107805, 0.292238)
(0.10821, 0.464874)
(0.108234, 0.527727)
(0.108252, 0.212765)
(0.108514, 0.909923)
(0.108711, 0.139148)
(0.108757, 0.88453)
(0.109503, 0.490837)
(0.109637, 0.478152)
(0.109784, 0.0203231)
(0.109803, 0.324645)
(0.110494, 0.501211)
(0.110535, 0.465943)
(0.110778, 0.272768)
(0.110998, 0.147001)
(0.111673, 0.704027)
(0.112673, 0.479992)
(0.113655, 0.876988)
(0.114021, 0.931504)
(0.114149, 0.787692)
(0.114524, 0.887121)
(0.115157, 0.866511)
(0.116159, 0.180277)
(0.116657, 0.6604)
(0.116929, 0.0742856)
(0.117247, 0.0804015)
(0.117616, 0.633388)
(0.118196, 0.816041)
(0.11859, 0.640054)
(0.118624, 0.165412)
(0.119082, 0.337731)
(0.119277, 0.968861)
(0.119355, 0.480263)
(0.11949, 0.967265)
(0.120344, 0.376414)
(0.120396, 0.322183)
(0.12183, 0.862777)
(0.122035, 0.12571)
(0.122455, 0.510738)
(0.123033, 0.823173)
(0.123291, 0.530205)
(0.123359, 0.0157241)
(0.123913, 0.287572)
(0.124826, 0.608814)
(0.125185, 0.688579)
(0.127597, 0.609086)
(0.128261, 0.0362305)
(0.129018, 0.244318)
(0.129249, 0.74821)
(0.129573, 0.273601)
(0.130971, 0.616987)
(0.13128, 0.50137)
(0.131517, 0.971483)
(0.132727, 0.370197)
(0.133367, 0.866275)
(0.133396, 0.0556302)
(0.133894, 0.951428)
(0.133923, 0.236715)
(0.134069, 0.239239)
(0.13424, 0.523955)
(0.134257, 0.440826)
(0.134461, 0.625286)
(0.135028, 0.152525)
(0.136243, 0.0112284)
(0.136882, 0.346141)
(0.13708, 0.982846)
(0.137187, 0.882745)
(0.138, 0.643419)
(0.13803, 0.131409)
(0.138968, 0.696601)
(0.139236, 0.394275)
(0.14034, 0.840021)
(0.14069, 0.529091)
(0.141693, 0.518447)
(0.143123, 0.796083)
(0.144053, 0.860881)
(0.144444, 0.502579)
(0.144768, 0.122921)
(0.145616, 0.308361)
(0.145971, 0.0849621)
(0.150117, 0.455443)
(0.153181, 0.0903289)
(0.153766, 0.867678)
(0.15396, 0.824025)
(0.154079, 0.734181)
(0.155012, 0.756117)
(0.15512, 0.841316)
(0.155211, 0.757039)
(0.155608, 0.251341)
(0.155649, 0.776258)
(0.156098, 0.658806)
(0.156197, 0.378636)
(0.156793, 0.662759)
(0.157668, 0.701919)
(0.15791, 0.0524534)
(0.157972, 0.665986)
(0.158764, 0.600198)
(0.158854, 0.221834)
(0.158883, 0.526908)
(0.159216, 0.96503)
(0.159432, 0.455346)
(0.159642, 0.424661)
(0.159808, 0.618111)
(0.16054, 0.769951)
(0.16204, 0.0640605)
(0.162357, 0.550291)
(0.162434, 0.652487)
(0.16299, 0.470425)
(0.163028, 0.152253)
(0.163087, 0.486602)
(0.16316, 0.204704)
(0.163808, 0.897196)
(0.164325, 0.402367)
(0.164765, 0.552109)
(0.16524, 0.342797)
(0.166199, 0.477634)
(0.166835, 0.532307)
(0.16714, 0.790115)
(0.167167, 0.203406)
(0.167843, 0.499723)
(0.168136, 0.779447)
(0.168516, 0.126368)
(0.168832, 0.0119657)
(0.169432, 0.798507)
(0.169511, 0.00594407)
(0.171554, 0.861502)
(0.171823, 0.561082)
(0.171841, 0.0337027)
(0.172281, 0.031263)
(0.173906, 0.141826)
(0.173949, 0.550345)
(0.174103, 0.153129)
(0.175119, 0.446269)
(0.175294, 0.419544)
(0.176215, 0.939795)
(0.176987, 0.190837)
(0.177147, 0.29053)
(0.177214, 0.111326)
(0.177364, 0.187045)
(0.177876, 0.87908)
(0.177895, 0.952111)
(0.178052, 0.0181201)
(0.178226, 0.938134)
(0.178451, 0.571488)
(0.178623, 0.967695)
(0.178849, 0.627863)
(0.179018, 0.166252)
(0.179297, 0.176117)
(0.179328, 0.359048)
(0.180544, 0.693727)
(0.181202, 0.0621042)
(0.181253, 0.140516)
(0.181267, 0.537744)
(0.183622, 0.165813)
(0.184041, 0.875676)
(0.184467, 0.195032)
(0.184526, 0.886343)
(0.18486, 0.577917)
(0.185027, 0.0396289)
(0.185414, 0.958482)
(0.18578, 0.249971)
(0.187058, 0.958171)
(0.18785, 0.411712)
(0.187998, 0.777055)
(0.188658, 0.751326)
(0.189052, 0.0653831)
(0.189416, 0.859631)
(0.189704, 0.256206)
(0.190225, 0.714241)
(0.19085, 0.33631)
(0.19093, 0.415479)
(0.190976, 0.747581)
(0.19185, 0.209596)
(0.1921, 0.176145)
(0.192118, 0.605274)
(0.192987, 0.0323506)
(0.193315, 0.0997805)
(0.194591, 0.577137)
(0.194662, 0.714375)
(0.194859, 0.468788)
(0.195325, 0.200472)
(0.195975, 0.907458)
(0.196238, 0.261818)
(0.196436, 0.379475)
(0.196927, 0.288866)
(0.197611, 0.844703)
(0.197789, 0.00689268)
(0.198625, 0.996793)
(0.198911, 0.791717)
(0.199274, 0.964442)
(0.199296, 0.494053)
(0.200141, 0.322477)
(0.200785, 0.69353)
(0.200794, 0.209181)
(0.200858, 0.365733)
(0.200973, 0.0902132)
(0.201979, 0.0851785)
(0.20347, 0.723816)
(0.203814, 0.719573)
(0.204673, 0.740747)
(0.205322, 0.113041)
(0.205802, 0.842805)
(0.207013, 0.64152)
(0.207159, 0.230098)
(0.207554, 0.516908)
(0.207748, 0.349781)
(0.207854, 0.806354)
(0.208392, 0.173931)
(0.20874, 0.525401)
(0.209102, 0.153676)
(0.21135, 0.368734)
(0.211393, 0.437725)
(0.211738, 0.26348)
(0.211901, 0.329811)
(0.212425, 0.0531928)
(0.212945, 0.103971)
(0.213388, 0.555365)
(0.213883, 0.830213)
(0.214175, 0.260069)
(0.214471, 0.976032)
(0.214697, 0.0671752)
(0.215285, 0.820318)
(0.215932, 0.169501)
(0.216474, 0.184609)
(0.216521, 0.338637)
(0.216987, 0.149519)
(0.217251, 0.841541)
(0.217272, 0.748371)
(0.21792, 0.929038)
(0.218148, 0.768608)
(0.218874, 0.84687)
(0.219423, 0.45978)
(0.219723, 0.384723)
(0.219838, 0.381802)
(0.220822, 0.69446)
(0.220947, 0.230511)
(0.221027, 0.601963)
(0.221693, 0.639372)
(0.22214, 0.72557)
(0.222446, 0.0784992)
(0.223144, 0.18393)
(0.22316, 0.0519561)
(0.223414, 0.701657)
(0.223416, 0.612966)
(0.223535, 0.257785)
(0.223727, 0.463848)
(0.224684, 0.582302)
(0.22637, 0.0826972)
(0.226934, 0.927497)
(0.22753, 0.961797)
(0.22758, 0.266868)
(0.228092, 0.633371)
(0.228209, 0.00403774)
(0.22823, 0.0437777)
(0.228264, 0.746019)
(0.230524, 0.513014)
(0.230693, 0.884235)
(0.230815, 0.44764)
(0.231116, 0.0450434)
(0.231212, 0.0830785)
(0.231996, 0.540287)
(0.23259, 0.293306)
(0.232691, 0.993862)
(0.233197, 0.379691)
(0.233634, 0.736108)
(0.233915, 0.398995)
(0.234159, 0.687819)
(0.234217, 0.552581)
(0.234488, 0.124268)
(0.234973, 0.708104)
(0.235159, 0.742728)
(0.235756, 0.533975)
(0.236952, 0.36553)
(0.237473, 0.702831)
(0.237724, 0.738854)
(0.238203, 0.268052)
(0.239902, 0.366541)
(0.240254, 0.978329)
(0.240544, 0.125348)
(0.241462, 0.987176)
(0.241724, 0.570747)
(0.241746, 0.444341)
(0.241907, 0.0304308)
(0.242079, 0.790287)
(0.242854, 0.531943)
(0.244236, 0.325567)
(0.244287, 0.0931906)
(0.244532, 0.651719)
(0.244964, 0.563132)
(0.245125, 0.385262)
(0.245286, 0.25892)
(0.245456, 0.243745)
(0.246257, 0.331411)
(0.246529, 0.486139)
(0.247281, 0.804901)
(0.247331, 0.765127)
(0.247519, 0.801223)
(0.247934, 0.493417)
(0.248059, 0.0840459)
(0.248178, 0.882892)
(0.248248, 0.153371)
(0.248888, 0.191274)
(0.249139, 0.960138)
(0.249165, 0.864677)
(0.249679, 0.418849)
(0.249756, 0.605823)
(0.250145, 0.426114)
(0.251456, 0.52493)
(0.252073, 0.455047)
(0.252315, 0.14608)
(0.252955, 0.0226992)
(0.254086, 0.0519892)
(0.254264, 0.223299)
(0.254898, 0.437839)
(0.255045, 0.805673)
(0.255417, 0.708935)
(0.255481, 0.561184)
(0.255853, 0.671724)
(0.255922, 0.643242)
(0.256251, 0.263651)
(0.257423, 0.277725)
(0.258695, 0.491333)
(0.258901, 0.335458)
(0.259144, 0.049128)
(0.260961, 0.100244)
(0.261086, 0.721481)
(0.261455, 0.0434597)
(0.262604, 0.169981)
(0.263125, 0.6604)
(0.263267, 0.1718)
(0.263333, 0.127933)
(0.263961, 0.905219)
(0.265496, 0.162715)
(0.265732, 0.913184)
(0.265812, 0.888646)
(0.266058, 0.0604157)
(0.266731, 0.673761)
(0.267763, 0.840919)
(0.268481, 0.841003)
(0.269065, 0.514352)
(0.269199, 0.512056)
(0.270425, 0.449792)
(0.271017, 0.884442)
(0.271598, 0.174732)
(0.271865, 0.613572)
(0.272876, 0.496645)
(0.273546, 0.316598)
(0.27414, 0.495908)
(0.274233, 0.256459)
(0.274342, 0.275237)
(0.275068, 0.456007)
(0.2752, 0.817561)
(0.276012, 0.227697)
(0.276655, 0.100821)
(0.277469, 0.613346)
(0.277801, 0.638763)
(0.278361, 0.915023)
(0.278895, 0.409087)
(0.279174, 0.295794)
(0.279562, 0.288694)
(0.27978, 0.257135)
(0.282016, 0.248676)
(0.282468, 0.336818)
(0.282802, 0.496977)
(0.282833, 0.0946058)
(0.283034, 0.410527)
(0.284532, 0.507196)
(0.285094, 0.00083611)
(0.285446, 0.482706)
(0.285749, 0.207464)
(0.287688, 0.974062)
(0.28801, 0.848907)
(0.288251, 0.207403)
(0.288773, 0.402731)
(0.289158, 0.903018)
(0.289301, 0.131418)
(0.289507, 0.217011)
(0.289768, 0.0246938)
(0.289873, 0.560949)
(0.289889, 0.657661)
(0.289961, 0.2038)
(0.290796, 0.370908)
(0.291011, 0.544166)
(0.291582, 0.870685)
(0.293107, 0.633839)
(0.293339, 0.253909)
(0.293357, 0.775311)
(0.293367, 0.325876)
(0.293828, 0.441307)
(0.294933, 0.00912593)
(0.294991, 0.40815)
(0.295322, 0.00684307)
(0.295537, 0.737112)
(0.296115, 0.0537428)
(0.296599, 0.271959)
(0.296698, 0.423444)
(0.297199, 0.367596)
(0.297523, 0.860269)
(0.29763, 0.7815)
(0.298917, 0.0744034)
(0.298939, 0.227709)
(0.299431, 0.726293)
(0.29963, 0.144938)
(0.30027, 0.518739)
(0.300472, 0.267377)
(0.301084, 0.69245)
(0.301201, 0.589849)
(0.301473, 0.932483)
(0.302087, 0.361915)
(0.302967, 0.896824)
(0.303229, 0.298637)
(0.30331, 0.643338)
(0.303556, 0.500934)
(0.30375, 0.510016)
(0.303986, 0.861532)
(0.304046, 0.222776)
(0.304991, 0.56634)
(0.305727, 0.17439)
(0.305732, 0.117955)
(0.307747, 0.150263)
(0.307829, 0.830057)
(0.308299, 0.00711889)
(0.308617, 0.364386)
(0.308688, 0.0818782)
(0.30884, 0.736529)
(0.308853, 0.0897838)
(0.308907, 0.743318)
(0.310044, 0.247253)
(0.310332, 0.434862)
(0.310669, 0.659364)
(0.311497, 0.235621)
(0.311567, 0.187808)
(0.311986, 0.354891)
(0.312925, 0.816889)
(0.314309, 0.0374284)
(0.315141, 0.584429)
(0.316174, 0.244169)
(0.316337, 0.0662561)
(0.316782, 0.227355)
(0.316828, 0.940923)
(0.317995, 0.0334692)
(0.318382, 0.121055)
(0.319459, 0.524017)
(0.320298, 0.665705)
(0.320403, 0.0689078)
(0.320608, 0.362621)
(0.320757, 0.142262)
(0.321077, 0.484307)
(0.321685, 0.954772)
(0.32261, 0.226873)
(0.322784, 0.0520553)
(0.32302, 0.0200573)
(0.323594, 0.452929)
(0.32362, 0.610984)
(0.32555, 0.583531)
(0.325877, 0.651615)
(0.326115, 0.885294)
(0.326689, 0.721007)
(0.326758, 0.537159)
(0.328176, 0.983327)
(0.328863, 0.512712)
(0.329085, 0.597125)
(0.329582, 0.904623)
(0.329799, 0.33543)
(0.330166, 0.392148)
(0.330756, 0.643377)
(0.331351, 0.52278)
(0.331433, 0.543185)
(0.332414, 0.65664)
(0.332429, 0.388946)
(0.332599, 0.708583)
(0.332616, 0.367413)
(0.333017, 0.90919)
(0.333039, 0.329902)
(0.333366, 0.738258)
(0.333803, 0.851632)
(0.333805, 0.0474319)
(0.333822, 0.826038)
(0.334041, 0.764673)
(0.334756, 0.161751)
(0.33499, 0.329078)
(0.335177, 0.818594)
(0.335428, 0.450978)
(0.335828, 0.61688)
(0.33648, 0.982138)
(0.336894, 0.0328975)
(0.337002, 0.590614)
(0.33799, 0.98682)
(0.338201, 0.658168)
(0.338816, 0.874775)
(0.338925, 0.0380748)
(0.339255, 0.849198)
(0.339308, 0.864608)
(0.339668, 0.145015)
(0.339715, 0.987242)
(0.341113, 0.118051)
(0.342247, 0.219696)
(0.342511, 0.903672)
(0.342908, 0.193045)
(0.342919, 0.597643)
(0.342952, 0.301947)
(0.34309, 0.273901)
(0.344013, 0.105228)
(0.344539, 0.936111)
(0.345149, 0.688099)
(0.345206, 0.413725)
(0.345346, 0.72311)
(0.346533, 0.286123)
(0.346636, 0.0533752)
(0.346937, 0.909449)
(0.347302, 0.628278)
(0.347471, 0.0330869)
(0.347955, 0.101748)
(0.348453, 0.956166)
(0.348589, 0.816338)
(0.349538, 0.912252)
(0.349874, 0.425248)
(0.350377, 0.566265)
(0.350527, 0.53859)
(0.350758, 0.953578)
(0.350831, 0.254451)
(0.351043, 0.463389)
(0.351516, 0.335222)
(0.351542, 0.47986)
(0.351765, 0.474949)
(0.352129, 0.444454)
(0.352519, 0.500607)
(0.353336, 0.177818)
(0.353491, 0.778661)
(0.354229, 0.55677)
(0.354645, 0.276478)
(0.354856, 0.70187)
(0.355221, 0.392641)
(0.355535, 0.817136)
(0.355735, 0.881206)
(0.355845, 0.190237)
(0.355933, 0.362256)
(0.356283, 0.815388)
(0.356833, 0.208598)
(0.357227, 0.918198)
(0.357995, 0.766874)
(0.358473, 0.185252)
(0.358909, 0.555846)
(0.359299, 0.232809)
(0.359901, 0.400487)
(0.360112, 0.620496)
(0.360221, 0.783991)
(0.360235, 0.919699)
(0.361051, 0.773831)
(0.361465, 0.512732)
(0.361644, 0.747954)
(0.362061, 0.108951)
(0.36231, 0.667886)
(0.362524, 0.262956)
(0.362628, 0.39161)
(0.363129, 0.360474)
(0.363573, 0.88382)
(0.364355, 0.531268)
(0.364887, 0.224286)
(0.365421, 0.234203)
(0.365868, 0.0075789)
(0.367165, 0.83578)
(0.367178, 0.705744)
(0.367447, 0.126731)
(0.368594, 0.168815)
(0.369047, 0.448289)
(0.369288, 0.42717)
(0.370098, 0.362082)
(0.370288, 0.804957)
(0.370714, 0.481729)
(0.37114, 0.0462944)
(0.371207, 0.736198)
(0.371661, 0.225126)
(0.372142, 0.165966)
(0.372293, 0.505971)
(0.37244, 0.984652)
(0.373052, 0.973681)
(0.373195, 0.468801)
(0.373217, 0.479869)
(0.374092, 0.526787)
(0.374766, 0.907649)
(0.374818, 0.299509)
(0.374921, 0.749776)
(0.375368, 0.398816)
(0.375434, 0.25369)
(0.375515, 0.712457)
(0.375537, 0.721908)
(0.376736, 0.701537)
(0.376748, 0.310657)
(0.3768, 0.573864)
(0.376818, 0.0927628)
(0.378244, 0.934997)
(0.378296, 0.696423)
(0.379427, 0.846111)
(0.379439, 0.877307)
(0.380388, 0.17737)
(0.380544, 0.168437)
(0.380936, 0.248561)
(0.381903, 0.198393)
(0.382722, 0.661081)
(0.382781, 0.71413)
(0.383062, 0.058249)
(0.383347, 0.135928)
(0.384154, 0.540467)
(0.385288, 0.444315)
(0.385511, 0.273405)
(0.386725, 0.999063)
(0.387051, 0.145811)
(0.387437, 0.716869)
(0.388372, 0.859267)
(0.388698, 0.764632)
(0.389077, 0.622058)
(0.389559, 0.608187)
(0.390109, 0.531023)
(0.390886, 0.419101)
(0.39157, 0.983792)
(0.392502, 0.901418)
(0.392581, 0.000706647)
(0.392609, 0.738522)
(0.392811, 0.521351)
(0.394007, 0.716858)
(0.394348, 0.715188)
(0.394858, 0.520917)
(0.395368, 0.533475)
(0.395538, 0.156221)
(0.395927, 0.641452)
(0.396197, 0.533629)
(0.396288, 0.77165)
(0.396473, 0.97125)
(0.396755, 0.552305)
(0.396781, 0.51732)
(0.398309, 0.526918)
(0.398337, 0.306913)
(0.398583, 0.236129)
(0.398716, 0.248856)
(0.401204, 0.253048)
(0.40132, 0.918088)
(0.401715, 0.90085)
(0.401926, 0.909527)
(0.401989, 0.2873)
(0.402185, 0.207431)
(0.402317, 0.293851)
(0.402322, 0.241614)
(0.402604, 0.201964)
(0.403573, 0.952129)
(0.403676, 0.273703)
(0.403703, 0.267536)
(0.403725, 0.722094)
(0.40561, 0.276203)
(0.405819, 0.82974)
(0.406237, 0.0350045)
(0.406494, 0.571266)
(0.407746, 0.545477)
(0.408049, 0.424144)
(0.408762, 0.985477)
(0.408831, 0.586307)
(0.410648, 0.947961)
(0.410705, 0.143654)
(0.410795, 0.339031)
(0.41108, 0.0982719)
(0.411153, 0.579216)
(0.411226, 0.823206)
(0.411341, 0.912305)
(0.4118, 0.888084)
(0.41229, 0.692713)
(0.412981, 0.115088)
(0.413372, 0.94125)
(0.413499, 0.659635)
(0.413599, 0.216819)
(0.415239, 0.944344)
(0.415282, 0.631672)
(0.415686, 0.0302029)
(0.416263, 0.192908)
(0.417565, 0.334833)
(0.418322, 0.459641)
(0.418485, 0.890944)
(0.421052, 0.569443)
(0.421325, 0.980125)
(0.4216, 0.542217)
(0.423832, 0.313956)
(0.424096, 0.240397)
(0.424124, 0.447328)
(0.424498, 0.0599602)
(0.425134, 0.0565952)
(0.425823, 0.413346)
(0.427088, 0.657201)
(0.427309, 0.855117)
(0.427543, 0.221485)
(0.427657, 0.471351)
(0.427714, 0.969471)
(0.428168, 0.370254)
(0.428187, 0.0938856)
(0.428247, 0.27453)
(0.428402, 0.29785)
(0.428654, 0.697708)
(0.429439, 0.973247)
(0.429576, 0.238365)
(0.430313, 0.753668)
(0.431586, 0.776411)
(0.43289, 0.791399)
(0.433571, 0.402666)
(0.433762, 0.090055)
(0.433964, 0.463009)
(0.434953, 0.888667)
(0.435432, 0.58551)
(0.436764, 0.304051)
(0.437616, 0.335515)
(0.439272, 0.232222)
(0.439592, 0.212887)
(0.43986, 0.384083)
(0.439893, 0.345301)
(0.439966, 0.417635)
(0.440922, 0.831013)
(0.441249, 0.598466)
(0.442515, 0.268811)
(0.442569, 0.776645)
(0.442777, 0.172858)
(0.443178, 0.0771269)
(0.443202, 0.29767)
(0.443499, 0.731399)
(0.443602, 0.888161)
(0.444068, 0.170101)
(0.445408, 0.159631)
(0.445791, 0.754726)
(0.446125, 0.253609)
(0.446351, 0.480549)
(0.446773, 0.367806)
(0.447085, 0.976645)
(0.447318, 0.999255)
(0.447718, 0.936771)
(0.448207, 0.392652)
(0.448543, 0.66652)
(0.448553, 0.647096)
(0.448634, 0.532486)
(0.448782, 0.35225)
(0.448982, 0.782946)
(0.449147, 0.895393)
(0.449293, 0.952799)
(0.452935, 0.0871393)
(0.453143, 0.041074)
(0.453905, 0.65512)
(0.453974, 0.651695)
(0.45415, 0.605458)
(0.454277, 0.585046)
(0.454458, 0.704531)
(0.454529, 0.744321)
(0.454649, 0.282229)
(0.455127, 0.995457)
(0.455189, 0.762062)
(0.455253, 0.145276)
(0.455597, 0.920015)
(0.455649, 0.4137)
(0.455751, 0.562203)
(0.456139, 0.562128)
(0.456865, 0.211255)
(0.457707, 0.359375)
(0.457979, 0.18024)
(0.458612, 0.743916)
(0.459008, 0.107049)
(0.459256, 0.69483)
(0.459336, 0.291277)
(0.459404, 0.324164)
(0.459791, 0.788962)
(0.462543, 0.285081)
(0.463414, 0.301463)
(0.464603, 0.329758)
(0.464637, 0.633376)
(0.465071, 0.412854)
(0.465098, 0.93433)
(0.466367, 0.618097)
(0.46638, 0.986974)
(0.466889, 0.861642)
(0.468258, 0.252055)
(0.46973, 0.600814)
(0.46985, 0.643904)
(0.470203, 0.136243)
(0.470934, 0.952876)
(0.470937, 0.466204)
(0.471213, 0.10349)
(0.471532, 0.74715)
(0.471964, 0.849562)
(0.471964, 0.611069)
(0.47243, 0.904022)
(0.472591, 0.293786)
(0.47293, 0.0872328)
(0.474209, 0.609846)
(0.474245, 0.893788)
(0.474595, 0.456508)
(0.476165, 0.812689)
(0.477996, 0.323589)
(0.478168, 0.788798)
(0.478233, 0.335117)
(0.478501, 0.50473)
(0.478861, 0.815936)
(0.478962, 0.0834839)
(0.479401, 0.114187)
(0.479992, 0.957185)
(0.480352, 0.118575)
(0.480839, 0.249621)
(0.482517, 0.265612)
(0.482642, 0.331093)
(0.482873, 0.649785)
(0.482967, 0.932897)
(0.483131, 0.879826)
(0.48325, 0.477939)
(0.483363, 0.539459)
(0.483394, 0.352912)
(0.483561, 0.0688748)
(0.483822, 0.647916)
(0.484138, 0.261765)
(0.486097, 0.873176)
(0.486251, 0.504128)
(0.486267, 0.592638)
(0.487134, 0.122996)
(0.48736, 0.382799)
(0.48742, 0.563577)
(0.488547, 0.0468848)
(0.488912, 0.774862)
(0.489804, 0.195812)
(0.489839, 0.297732)
(0.490564, 0.27497)
(0.490647, 0.229213)
(0.49165, 0.123336)
(0.492306, 0.632715)
(0.492487, 0.456717)
(0.493443, 0.166389)
(0.493615, 0.273414)
(0.493771, 0.443209)
(0.495404, 0.391742)
(0.495602, 0.671366)
(0.495862, 0.124257)
(0.496131, 0.730637)
(0.49649, 0.804335)
(0.49651, 0.301382)
(0.496912, 0.971725)
(0.497943, 0.957947)
(0.498452, 0.157619)
(0.498667, 0.829588)
(0.498812, 0.209701)
(0.500635, 0.793643)
(0.501062, 0.436799)
(0.501173, 0.210062)
(0.501942, 0.373134)
(0.501976, 0.0824164)
(0.502544, 0.0720968)
(0.504942, 0.791555)
(0.505572, 0.901695)
(0.505712, 0.815399)
(0.50618, 0.432878)
(0.506333, 0.678516)
(0.506767, 0.862966)
(0.506769, 0.819725)
(0.506888, 0.965907)
(0.506933, 0.732526)
(0.506946, 0.716678)
(0.50713, 0.314052)
(0.507179, 0.453441)
(0.507811, 0.734631)
(0.508085, 0.891777)
(0.509203, 0.796135)
(0.510284, 0.158034)
(0.511874, 0.122258)
(0.512811, 0.42928)
(0.513123, 0.0363478)
(0.513179, 0.881852)
(0.513504, 0.428137)
(0.514934, 0.289399)
(0.515426, 0.536516)
(0.515432, 0.908287)
(0.515444, 0.682524)
(0.515458, 0.790143)
(0.516624, 0.771297)
(0.51714, 0.472659)
(0.518221, 0.127167)
(0.518315, 0.508442)
(0.519662, 0.75954)
(0.520069, 0.584229)
(0.520663, 0.481893)
(0.521269, 0.448702)
(0.521437, 0.293415)
(0.521544, 0.862281)
(0.521637, 0.13247)
(0.521882, 0.633678)
(0.52198, 0.0956231)
(0.522751, 0.354178)
(0.522974, 0.79562)
(0.523956, 0.197705)
(0.523983, 0.516675)
(0.524077, 0.265632)
(0.524129, 0.559256)
(0.524689, 0.771739)
(0.524836, 0.222737)
(0.524892, 0.0954159)
(0.526209, 0.716457)
(0.526476, 0.508852)
(0.527091, 0.5348)
(0.527531, 0.38914)
(0.527678, 0.595002)
(0.528078, 0.221995)
(0.528413, 0.116085)
(0.528485, 0.0809398)
(0.528555, 0.26966)
(0.529319, 0.0399893)
(0.529469, 0.768443)
(0.529492, 0.961476)
(0.529852, 0.506564)
(0.530223, 0.721937)
(0.530589, 0.118132)
(0.531778, 0.600592)
(0.532632, 0.156859)
(0.533547, 0.0523235)
(0.533685, 0.88281)
(0.534323, 0.448982)
(0.534806, 0.079283)
(0.534905, 0.646025)
(0.535963, 0.568742)
(0.536573, 0.634864)
(0.536905, 0.379423)
(0.538175, 0.734842)
(0.539239, 0.771525)
(0.539563, 0.69866)
(0.540086, 0.989813)
(0.540777, 0.869526)
(0.540865, 0.813478)
(0.542471, 0.249877)
(0.542772, 0.124184)
(0.545083, 0.512767)
(0.545111, 0.0884868)
(0.545346, 0.773481)
(0.54562, 0.148889)
(0.545996, 0.90198)
(0.546152, 0.179621)
(0.546798, 0.895902)
(0.546876, 0.249111)
(0.547813, 0.754059)
(0.54789, 0.586415)
(0.548058, 0.87636)
(0.549391, 0.223576)
(0.549941, 0.369276)
(0.550653, 0.0660782)
(0.550851, 0.847518)
(0.550883, 0.881659)
(0.551051, 0.0756956)
(0.551294, 0.224795)
(0.551731, 0.973036)
(0.552919, 0.491815)
(0.552947, 0.969126)
(0.553486, 0.230374)
(0.553861, 0.192749)
(0.553944, 0.444106)
(0.554964, 0.884208)
(0.555115, 0.573152)
(0.55527, 0.391222)
(0.5553, 0.227153)
(0.555638, 0.400787)
(0.555863, 0.553054)
(0.556205, 0.190675)
(0.557016, 0.135077)
(0.557617, 0.768068)
(0.559391, 0.168948)
(0.559834, 0.613376)
(0.56009, 0.993038)
(0.56011, 0.425505)
(0.56072, 0.921819)
(0.56154, 0.599624)
(0.56166, 0.860136)
(0.562342, 0.947995)
(0.563084, 0.0180411)
(0.563123, 0.726259)
(0.563356, 0.567829)
(0.563511, 0.3051)
(0.563582, 0.237875)
(0.564177, 0.337153)
(0.566516, 0.68756)
(0.566625, 0.0691356)
(0.566697, 0.715134)
(0.56745, 0.0895812)
(0.567656, 0.0428337)
(0.567771, 0.604471)
(0.568158, 0.894308)
(0.568521, 0.744189)
(0.568821, 0.535795)
(0.571118, 0.548171)
(0.571316, 0.855085)
(0.572147, 0.633965)
(0.572361, 0.629786)
(0.573064, 0.281394)
(0.573326, 0.651769)
(0.574984, 0.90178)
(0.5765, 0.922338)
(0.577008, 0.143152)
(0.577014, 0.64533)
(0.57727, 0.932926)
(0.577361, 0.871828)
(0.577406, 0.0968234)
(0.57767, 0.647366)
(0.578064, 0.628612)
(0.578167, 0.179374)
(0.578316, 0.96341)
(0.578534, 0.679967)
(0.578858, 0.351589)
(0.57962, 0.253549)
(0.579721, 0.371284)
(0.579971, 0.00480135)
(0.580023, 0.744173)
(0.58035, 0.652086)
(0.581757, 0.492379)
(0.582017, 0.84107)
(0.582277, 0.221224)
(0.582672, 0.700712)
(0.582811, 0.173779)
(0.582975, 0.873991)
(0.583629, 0.723959)
(0.583981, 0.544635)
(0.584425, 0.989389)
(0.584534, 0.13412)
(0.58496, 0.844721)
(0.585306, 0.0398924)
(0.585421, 0.387349)
(0.585646, 0.271648)
(0.58604, 0.494108)
(0.586226, 0.617414)
(0.586549, 0.65978)
(0.586643, 0.759481)
(0.588081, 0.383872)
(0.588389, 0.497575)
(0.588674, 0.527275)
(0.590439, 0.785607)
(0.591179, 0.521075)
(0.592466, 0.32608)
(0.592546, 0.316924)
(0.593367, 0.407032)
(0.593872, 0.731506)
(0.595657, 0.450614)
(0.596122, 0.537636)
(0.596534, 0.237809)
(0.596569, 0.198002)
(0.59733, 0.750959)
(0.597711, 0.983458)
(0.598154, 0.220737)
(0.598444, 0.614309)
(0.598712, 0.723688)
(0.599067, 0.216261)
(0.59947, 0.878589)
(0.60018, 0.974639)
(0.600261, 0.0333854)
(0.600669, 0.833975)
(0.600871, 0.764718)
(0.60093, 0.476346)
(0.601013, 0.0141278)
(0.601225, 0.563965)
(0.601695, 0.119765)
(0.601697, 0.772923)
(0.601713, 0.300709)
(0.602139, 0.34946)
(0.602502, 0.5313)
(0.602784, 0.856398)
(0.603738, 0.401826)
(0.604406, 0.663631)
(0.604734, 0.433453)
(0.605024, 0.90847)
(0.605822, 0.806422)
(0.606237, 0.582214)
(0.606526, 0.897668)
(0.606952, 0.268569)
(0.607169, 0.23705)
(0.607501, 0.179466)
(0.607539, 0.527055)
(0.60775, 0.134062)
(0.607835, 0.615207)
(0.608625, 0.113615)
(0.608643, 0.0978239)
(0.608817, 0.888792)
(0.609802, 0.758884)
(0.610041, 0.761663)
(0.610099, 0.432603)
(0.610409, 0.53251)
(0.610932, 0.66485)
(0.611821, 0.661205)
(0.613216, 0.359981)
(0.613217, 0.507329)
(0.614367, 0.170375)
(0.614941, 0.390753)
(0.615173, 0.504742)
(0.615563, 0.263653)
(0.617676, 0.00424398)
(0.618033, 0.745243)
(0.61884, 0.666976)
(0.618941, 0.477896)
(0.620543, 0.976257)
(0.621961, 0.785362)
(0.62201, 0.183837)
(0.622613, 0.0270251)
(0.623136, 0.832122)
(0.623236, 0.728305)
(0.623578, 0.203208)
(0.623675, 0.756282)
(0.624381, 0.411205)
(0.625383, 0.730614)
(0.625924, 0.599402)
(0.626096, 0.0325802)
(0.626739, 0.979127)
(0.626853, 0.128377)
(0.627056, 0.0654824)
(0.627428, 0.118987)
(0.627836, 0.647536)
(0.627921, 0.787796)
(0.628956, 0.72248)
(0.629744, 0.722268)
(0.629777, 0.175415)
(0.629807, 0.483836)
(0.63183, 0.371994)
(0.631849, 0.888585)
(0.632225, 0.052831)
(0.632743, 0.296219)
(0.63322, 0.235245)
(0.633743, 0.362038)
(0.634468, 0.508584)
(0.635124, 0.771327)
(0.635299, 0.786003)
(0.63537, 0.436251)
(0.635668, 0.939502)
(0.635824, 0.675333)
(0.636986, 0.962223)
(0.637357, 0.836436)
(0.637895, 0.83013)
(0.638488, 0.681385)
(0.638588, 0.73487)
(0.638604, 0.493869)
(0.638661, 0.258648)
(0.638796, 0.572249)
(0.638807, 0.932249)
(0.639401, 0.718874)
(0.640304, 0.322064)
(0.640489, 0.77294)
(0.640729, 0.977413)
(0.641482, 0.107613)
(0.642379, 0.931918)
(0.643739, 0.797057)
(0.6438, 0.902495)
(0.644723, 0.33829)
(0.645093, 0.718152)
(0.645593, 0.920984)
(0.645825, 0.631364)
(0.645882, 0.564962)
(0.646017, 0.170902)
(0.646106, 0.76505)
(0.646536, 0.786597)
(0.646818, 0.325763)
(0.646826, 0.960963)
(0.647109, 0.788526)
(0.647256, 0.0526993)
(0.648349, 0.358876)
(0.648361, 0.959309)
(0.648992, 0.161671)
(0.650443, 0.643889)
(0.651438, 0.181341)
(0.651702, 0.625617)
(0.652183, 0.203644)
(0.653024, 0.216538)
(0.653782, 0.710305)
(0.653935, 0.0243309)
(0.654195, 0.176313)
(0.654258, 0.79241)
(0.654268, 0.685448)
(0.654332, 0.666089)
(0.654474, 0.456882)
(0.654535, 0.95218)
(0.654894, 0.276087)
(0.655191, 0.293246)
(0.655663, 0.00711102)
(0.655687, 0.702871)
(0.655941, 0.70372)
(0.656379, 0.20349)
(0.656805, 0.0185279)
(0.65737, 0.203724)
(0.657538, 0.265688)
(0.657703, 0.698432)
(0.658133, 0.348603)
(0.658696, 0.103184)
(0.658862, 0.155306)
(0.65898, 0.518526)
(0.660309, 0.890182)
(0.66064, 0.10705)
(0.660956, 0.147851)
(0.661336, 0.441135)
(0.661379, 0.34502)
(0.661624, 0.0846534)
(0.661699, 0.497495)
(0.662109, 0.600535)
(0.66269, 0.197343)
(0.662955, 0.96164)
(0.664875, 0.438939)
(0.665184, 0.857237)
(0.666085, 0.10467)
(0.666442, 0.710106)
(0.666636, 0.805057)
(0.667149, 0.596875)
(0.66786, 0.0817999)
(0.668495, 0.773269)
(0.66872, 0.721654)
(0.669461, 0.329629)
(0.669929, 0.824619)
(0.6727, 0.661395)
(0.672736, 0.206905)
(0.6731, 0.400127)
(0.673762, 0.931741)
(0.673776, 0.850833)
(0.674304, 0.202946)
(0.674494, 0.170575)
(0.675448, 0.297379)
(0.677002, 0.320705)
(0.678062, 0.807659)
(0.678505, 0.197655)
(0.678585, 0.661673)
(0.679313, 0.844468)
(0.679994, 0.85959)
(0.68133, 0.449969)
(0.681435, 0.989393)
(0.682482, 0.966339)
(0.683537, 0.880581)
(0.683679, 0.718661)
(0.683771, 0.0837668)
(0.685939, 0.955698)
(0.685962, 0.629553)
(0.686023, 0.103072)
(0.686289, 0.522109)
(0.686402, 0.678753)
(0.686423, 0.975933)
(0.687504, 0.967105)
(0.688387, 0.163699)
(0.688738, 0.469833)
(0.689201, 0.18774)
(0.689382, 0.865698)
(0.6904, 0.753963)
(0.691029, 0.0913118)
(0.691306, 0.918068)
(0.69188, 0.609689)
(0.692746, 0.665816)
(0.693749, 0.663869)
(0.694212, 0.927677)
(0.694407, 0.113393)
(0.695413, 0.1124)
(0.696966, 0.793247)
(0.697136, 0.0775563)
(0.697418, 0.331779)
(0.698461, 0.186974)
(0.698896, 0.25224)
(0.699297, 0.0593401)
(0.700134, 0.379216)
(0.700202, 0.691561)
(0.700267, 0.206782)
(0.701032, 0.668883)
(0.701163, 0.951872)
(0.701766, 0.825661)
(0.701859, 0.530956)
(0.702248, 0.633001)
(0.702542, 0.958367)
(0.702844, 0.567877)
(0.703426, 0.329314)
(0.703692, 0.333891)
(0.703922, 0.54253)
(0.704344, 0.905739)
(0.704401, 0.27755)
(0.704641, 0.208458)
(0.70481, 0.534704)
(0.705131, 0.251649)
(0.705951, 0.12376)
(0.706836, 0.801466)
(0.706854, 0.698254)
(0.707186, 0.155193)
(0.707354, 0.650174)
(0.70736, 0.204697)
(0.707853, 0.277009)
(0.708978, 0.582747)
(0.709344, 0.923126)
(0.709998, 0.557507)
(0.711659, 0.0631854)
(0.711909, 0.994475)
(0.713052, 0.79592)
(0.713422, 0.0501312)
(0.713429, 0.497335)
(0.71348, 0.123023)
(0.714278, 0.436713)
(0.714907, 0.133691)
(0.716451, 0.867291)
(0.717047, 0.41961)
(0.717048, 0.371505)
(0.717268, 0.125977)
(0.717514, 0.111319)
(0.717745, 0.612423)
(0.718793, 0.66666)
(0.718804, 0.774945)
(0.719438, 0.316616)
(0.719828, 0.711556)
(0.721048, 0.772895)
(0.721875, 0.200794)
(0.722014, 0.876556)
(0.722238, 0.203509)
(0.723068, 0.155125)
(0.723144, 0.547285)
(0.723472, 0.366162)
(0.725206, 0.347302)
(0.725368, 0.233813)
(0.725498, 0.45003)
(0.727653, 0.870218)
(0.727675, 0.942258)
(0.729221, 0.495999)
(0.730093, 0.763234)
(0.7302, 0.656318)
(0.731368, 0.72499)
(0.731618, 0.473673)
(0.731655, 0.315985)
(0.731972, 0.948531)
(0.733041, 0.784611)
(0.733102, 0.439336)
(0.735201, 0.534624)
(0.735371, 0.366994)
(0.735621, 0.20916)
(0.736006, 0.231041)
(0.736307, 0.413015)
(0.736949, 0.0323224)
(0.737749, 0.915655)
(0.738275, 0.624595)
(0.738788, 0.217273)
(0.739214, 0.73756)
(0.739862, 0.380761)
(0.740803, 0.65973)
(0.740986, 0.896355)
(0.741133, 0.0192367)
(0.741286, 0.198019)
(0.742324, 0.738194)
(0.742679, 0.782961)
(0.742905, 0.963393)
(0.743266, 0.88776)
(0.74335, 0.670957)
(0.743391, 0.188399)
(0.744063, 0.55618)
(0.744145, 0.987588)
(0.744413, 0.915377)
(0.744451, 0.773469)
(0.744684, 0.0146886)
(0.74496, 0.345126)
(0.746253, 0.107813)
(0.74633, 0.187479)
(0.746916, 0.580236)
(0.747372, 0.901113)
(0.747755, 0.62699)
(0.747818, 0.507928)
(0.747904, 0.0420541)
(0.74847, 0.637474)
(0.748541, 0.104592)
(0.748873, 0.431318)
(0.749184, 0.913749)
(0.749753, 0.677076)
(0.749802, 0.330176)
(0.749838, 0.974513)
(0.749883, 0.946911)
(0.750441, 0.134781)
(0.751098, 0.599985)
(0.751346, 0.693073)
(0.752381, 0.520345)
(0.752779, 0.638812)
(0.753129, 0.774664)
(0.753623, 0.793832)
(0.755161, 0.846804)
(0.755542, 0.916317)
(0.755639, 0.397173)
(0.756026, 0.784432)
(0.757065, 0.894061)
(0.75711, 0.808357)
(0.757247, 0.282126)
(0.758025, 0.697357)
(0.758026, 0.307293)
(0.758854, 0.737067)
(0.759085, 0.325497)
(0.759148, 0.138514)
(0.75943, 0.767017)
(0.760293, 0.914371)
(0.761374, 0.777896)
(0.761868, 0.305035)
(0.762231, 0.257908)
(0.762497, 0.945166)
(0.76301, 0.429623)
(0.76404, 0.239504)
(0.764407, 0.114411)
(0.764515, 0.844187)
(0.765714, 0.902527)
(0.766213, 0.112446)
(0.76627, 0.631979)
(0.766559, 0.233789)
(0.766594, 0.133083)
(0.767133, 0.0327298)
(0.767539, 0.97852)
(0.768887, 0.292108)
(0.771155, 0.201987)
(0.771312, 0.117267)
(0.771562, 0.454847)
(0.772008, 0.0322841)
(0.772022, 0.860976)
(0.772456, 0.774591)
(0.772467, 0.856194)
(0.77389, 0.453193)
(0.774969, 0.562929)
(0.775244, 0.49859)
(0.77529, 0.474602)
(0.775368, 0.554611)
(0.775751, 0.453419)
(0.776575, 0.214144)
(0.777243, 0.873913)
(0.777974, 0.902982)
(0.778703, 0.203871)
(0.778922, 0.465453)
(0.779047, 0.217128)
(0.780043, 0.907846)
(0.780226, 0.105846)
(0.780258, 0.811719)
(0.78096, 0.353807)
(0.781887, 0.441011)
(0.781959, 0.990556)
(0.782722, 0.865286)
(0.782989, 0.576423)
(0.783457, 0.260363)
(0.783634, 0.139718)
(0.783677, 0.790226)
(0.784893, 0.276662)
(0.784951, 0.658556)
(0.785727, 0.316731)
(0.786427, 0.890557)
(0.786429, 0.826023)
(0.786708, 0.489684)
(0.786924, 0.686339)
(0.787362, 0.791181)
(0.78738, 0.195981)
(0.787641, 0.382298)
(0.787651, 0.25245)
(0.787793, 0.707326)
(0.788063, 0.496099)
(0.788383, 0.542286)
(0.788804, 0.712128)
(0.789109, 0.421432)
(0.789694, 0.685382)
(0.791018, 0.719343)
(0.791049, 0.0484901)
(0.791496, 0.992423)
(0.793532, 0.697798)
(0.793984, 0.423639)
(0.794449, 0.751529)
(0.795049, 0.271417)
(0.796011, 0.750509)
(0.797017, 0.522111)
(0.797195, 0.305648)
(0.797273, 0.175657)
(0.797548, 0.707735)
(0.797653, 0.488326)
(0.797884, 0.99231)
(0.79804, 0.233635)
(0.798378, 0.241195)
(0.799883, 0.641046)
(0.799896, 0.650342)
(0.800293, 0.882946)
(0.800406, 0.747534)
(0.800679, 0.509886)
(0.800731, 0.963903)
(0.800823, 0.672482)
(0.801277, 0.328453)
(0.801776, 0.1441)
(0.801971, 0.721729)
(0.802274, 0.303243)
(0.803375, 0.678189)
(0.804017, 0.140706)
(0.804349, 0.277451)
(0.804824, 0.145479)
(0.805268, 0.696753)
(0.805425, 0.540552)
(0.805529, 0.285084)
(0.805714, 0.211271)
(0.805754, 0.0612206)
(0.806424, 0.460175)
(0.80676, 0.921563)
(0.806798, 0.549017)
(0.807812, 0.150496)
(0.808143, 0.646764)
(0.808654, 0.572463)
(0.808875, 0.774453)
(0.811756, 0.861104)
(0.812021, 0.14746)
(0.812298, 0.729058)
(0.813332, 0.640642)
(0.813354, 0.261292)
(0.813479, 0.403524)
(0.813532, 0.918294)
(0.814004, 0.644631)
(0.81466, 0.680018)
(0.814754, 0.825099)
(0.817399, 0.925479)
(0.818245, 0.363913)
(0.819352, 0.355671)
(0.820312, 0.958141)
(0.8204, 0.10598)
(0.820711, 0.562556)
(0.82102, 0.200562)
(0.821639, 0.37559)
(0.821743, 0.813647)
(0.822206, 0.798442)
(0.823946, 0.434102)
(0.823958, 0.0375294)
(0.824298, 0.526172)
(0.825158, 0.135868)
(0.825381, 0.85239)
(0.826928, 0.959176)
(0.826969, 0.762585)
(0.827305, 0.320947)
(0.827673, 0.920744)
(0.828294, 0.727732)
(0.829964, 0.713843)
(0.830067, 0.965002)
(0.8301, 0.42681)
(0.83199, 0.80783)
(0.832214, 0.341603)
(0.832834, 0.700935)
(0.832944, 0.328227)
(0.833029, 0.222938)
(0.834003, 0.105091)
(0.834383, 0.00283172)
(0.834798, 0.406475)
(0.835263, 0.996905)
(0.835683, 0.994308)
(0.836065, 0.278224)
(0.836144, 0.391501)
(0.836385, 0.540682)
(0.836897, 0.69441)
(0.837786, 0.0840227)
(0.83815, 0.0137925)
(0.83819, 0.875419)
(0.838324, 0.256797)
(0.838533, 0.625869)
(0.838587, 0.0930234)
(0.839121, 0.832711)
(0.839366, 0.352478)
(0.840676, 0.739458)
(0.841318, 0.897843)
(0.842558, 0.326475)
(0.842558, 0.313205)
(0.843175, 0.825324)
(0.844004, 0.753609)
(0.844453, 0.830455)
(0.844851, 0.0803399)
(0.845745, 0.454492)
(0.846039, 0.445621)
(0.846485, 0.97846)
(0.846628, 0.886349)
(0.84778, 0.924975)
(0.849129, 0.916193)
(0.849769, 0.617509)
(0.849962, 0.308689)
(0.849986, 0.406911)
(0.85007, 0.607563)
(0.85016, 0.582019)
(0.850595, 0.622501)
(0.850748, 0.287513)
(0.851334, 0.0967378)
(0.852276, 0.202343)
(0.853182, 0.465051)
(0.853362, 0.899491)
(0.854978, 0.370978)
(0.855371, 0.498339)
(0.855764, 0.0760996)
(0.856221, 0.808881)
(0.857565, 0.673731)
(0.858089, 0.309605)
(0.859804, 0.273006)
(0.859881, 0.752825)
(0.859937, 0.643926)
(0.860167, 0.660862)
(0.863397, 0.146726)
(0.864507, 0.926451)
(0.864666, 0.0930842)
(0.865996, 0.647051)
(0.870149, 0.258337)
(0.870276, 0.160358)
(0.870684, 0.356774)
(0.870804, 0.445902)
(0.871349, 0.315729)
(0.87241, 0.929508)
(0.87336, 0.646771)
(0.87421, 0.479468)
(0.874407, 0.998243)
(0.874494, 0.939391)
(0.874664, 0.383896)
(0.87525, 0.261226)
(0.875849, 0.101543)
(0.876757, 0.174566)
(0.878918, 0.0791534)
(0.879709, 0.23174)
(0.880229, 0.111283)
(0.880777, 0.537543)
(0.881863, 0.173657)
(0.882725, 0.331674)
(0.882877, 0.767781)
(0.883746, 0.86913)
(0.884123, 0.833252)
(0.884369, 0.551312)
(0.88461, 0.694278)
(0.884704, 0.806646)
(0.885444, 0.445453)
(0.885459, 0.70431)
(0.885924, 0.657096)
(0.886072, 0.303291)
(0.886396, 0.745213)
(0.886667, 0.376424)
(0.887271, 0.689676)
(0.88761, 0.984649)
(0.887945, 0.406651)
(0.889188, 0.148788)
(0.889479, 0.757262)
(0.889962, 0.0326856)
(0.890226, 0.296671)
(0.890655, 0.911841)
(0.892082, 0.546307)
(0.892915, 0.358687)
(0.893427, 0.097005)
(0.893968, 0.982773)
(0.895005, 0.519221)
(0.895037, 0.96698)
(0.896376, 0.482421)
(0.896869, 0.53114)
(0.898456, 0.367446)
(0.898881, 0.294845)
(0.899322, 0.189585)
(0.899615, 0.726847)
(0.900221, 0.831281)
(0.900412, 0.329168)
(0.901116, 0.896127)
(0.902116, 0.46979)
(0.903265, 0.624095)
(0.904355, 0.0822252)
(0.904503, 0.98099)
(0.905974, 0.68905)
(0.906814, 0.366148)
(0.906814, 0.543167)
(0.907892, 0.950023)
(0.907983, 0.156367)
(0.908663, 0.871876)
(0.908748, 0.0560578)
(0.909204, 0.684022)
(0.909603, 0.943049)
(0.910473, 0.416403)
(0.910649, 0.899029)
(0.911297, 0.901809)
(0.912403, 0.425833)
(0.913565, 0.27075)
(0.913726, 0.671804)
(0.914238, 0.779736)
(0.914771, 0.0650491)
(0.915004, 0.484978)
(0.915468, 0.306444)
(0.915874, 0.536715)
(0.917401, 0.564041)
(0.917453, 0.884561)
(0.917712, 0.662817)
(0.918928, 0.904733)
(0.919374, 0.51164)
(0.919775, 0.980518)
(0.921022, 0.222091)
(0.921169, 0.0417684)
(0.921485, 0.613882)
(0.923057, 0.142775)
(0.923573, 0.224084)
(0.924062, 0.201044)
(0.925189, 0.483408)
(0.926159, 0.888036)
(0.9268, 0.177131)
(0.928373, 0.978564)
(0.928973, 0.921419)
(0.929413, 0.191451)
(0.929675, 0.745316)
(0.929816, 0.17715)
(0.929945, 0.478211)
(0.93034, 0.427376)
(0.930464, 0.978301)
(0.930474, 0.6735)
(0.930824, 0.975517)
(0.931806, 0.46896)
(0.93259, 0.456358)
(0.933225, 0.671815)
(0.933288, 0.105959)
(0.933765, 0.141116)
(0.93442, 0.80104)
(0.934423, 0.304818)
(0.934526, 0.92862)
(0.934542, 0.671828)
(0.934815, 0.69931)
(0.935792, 0.765746)
(0.93616, 0.103258)
(0.936474, 0.594067)
(0.937874, 0.257437)
(0.938122, 0.176382)
(0.938268, 0.292303)
(0.938344, 0.567306)
(0.93839, 0.703282)
(0.939199, 0.627123)
(0.939266, 0.286129)
(0.939446, 0.62308)
(0.939594, 0.905406)
(0.939744, 0.636607)
(0.93987, 0.0814264)
(0.93993, 0.880181)
(0.939962, 0.35411)
(0.941751, 0.896384)
(0.942204, 0.697058)
(0.94398, 0.430172)
(0.944016, 0.0217398)
(0.944261, 0.483839)
(0.94443, 0.427808)
(0.944799, 0.964785)
(0.945595, 0.558607)
(0.946021, 0.000387183)
(0.946455, 0.998597)
(0.947306, 0.985117)
(0.94834, 0.935046)
(0.948618, 0.320455)
(0.948754, 0.855614)
(0.949838, 0.752891)
(0.950323, 0.414821)
(0.951307, 0.410347)
(0.951334, 0.934747)
(0.951803, 0.374773)
(0.951828, 0.566145)
(0.953177, 0.202122)
(0.953316, 0.241857)
(0.953675, 0.418874)
(0.953748, 0.389424)
(0.954041, 0.819292)
(0.954265, 0.434344)
(0.954358, 0.924272)
(0.954991, 0.8244)
(0.955532, 0.617687)
(0.955684, 0.284705)
(0.956199, 0.15217)
(0.95757, 0.250578)
(0.957599, 0.657993)
(0.957726, 0.000801406)
(0.958093, 0.983492)
(0.958184, 0.171569)
(0.958684, 0.562413)
(0.959193, 0.750241)
(0.959818, 0.866601)
(0.961886, 0.427418)
(0.96219, 0.7933)
(0.962247, 0.107959)
(0.962424, 0.655377)
(0.962483, 0.84893)
(0.963209, 0.794252)
(0.963249, 0.946377)
(0.963925, 0.908327)
(0.96394, 0.0731317)
(0.964939, 0.760838)
(0.965069, 0.953452)
(0.965135, 0.78632)
(0.965139, 0.839364)
(0.965706, 0.502796)
(0.965788, 0.390584)
(0.966872, 0.0584418)
(0.966893, 0.148785)
(0.967765, 0.499793)
(0.968777, 0.14672)
(0.969968, 0.392974)
(0.970471, 0.579733)
(0.970763, 0.157957)
(0.970765, 0.942338)
(0.971143, 0.764407)
(0.971807, 0.710214)
(0.97212, 0.0707452)
(0.973167, 0.77662)
(0.973442, 0.962619)
(0.97351, 0.489451)
(0.975109, 0.160916)
(0.975136, 0.0906043)
(0.976228, 0.919651)
(0.976962, 0.361137)
(0.978719, 0.313274)
(0.979045, 0.583843)
(0.979317, 0.203355)
(0.979571, 0.996764)
(0.979751, 0.262523)
(0.980053, 0.347261)
(0.980669, 0.435865)
(0.980728, 0.895338)
(0.980951, 0.900302)
(0.982357, 0.191822)
(0.982825, 0.914246)
(0.983094, 0.205852)
(0.983171, 0.308566)
(0.983381, 0.195331)
(0.983747, 0.817925)
(0.984329, 0.452931)
(0.984429, 0.174481)
(0.984843, 0.465123)
(0.98546, 0.863824)
(0.985558, 0.0946859)
(0.98567, 0.871296)
(0.985747, 0.572555)
(0.985785, 0.742238)
(0.986211, 0.456862)
(0.987239, 0.917111)
(0.987996, 0.919068)
(0.988317, 0.69792)
(0.988539, 0.393902)
(0.989073, 0.92292)
(0.989094, 0.526851)
(0.989209, 0.184094)
(0.989861, 0.64632)
(0.991975, 0.369071)
(0.992789, 0.138804)
(0.993064, 0.890612)
(0.993092, 0.339856)
(0.993278, 0.726549)
(0.993399, 0.272714)
(0.993424, 0.659451)
(0.993787, 0.630707)
(0.994039, 0.305996)
(0.994203, 0.043133)
(0.994319, 0.00828044)
(0.994906, 0.335515)
(0.995258, 0.653819)
(0.99538, 0.0272327)
(0.996308, 0.90972)
(0.99636, 0.348419)
(0.996684, 0.854552)
(0.996743, 0.638962)
(0.996935, 0.447094)
(0.997067, 0.539401)